-1.0 124161 316605
0.0 124161 483253.0
1.0 124668 967800.0916666667
2.0 125176 1454935.3666666667
3.0 125683 1944658.8250000002
4.0 126191 2436970.466666667
5.0 126698 2931870.2916666665
6.0 127206 3429358.3
7.0 127713 3929434.4916666667
8.0 128221 4432098.866666667
9.0 128728 4937351.425
10.0 129236 5445192.166666667
11.0 129743 5955621.091666667
12.0 130251 6468638.199999999
13.0 130758 6984243.491666666
14.0 131266 7502436.966666667
15.0 131773 8023218.625
16.0 132281 8546588.466666667
17.0 132788 9072546.491666667
18.0 133296 9601092.700000001
19.0 133803 1.0132227091666667E7
20.0 134311 1.0665949666666666E7
21.0 134818 1.1202260424999999E7
22.0 135326 1.1741159366666667E7
23.0 135833 1.2282646491666667E7
24.0 136341 1.28267218E7
25.0 136848 1.3373385291666668E7
26.0 137356 1.3922636966666665E7
27.0 137863 1.4474476825E7
28.0 138371 1.5028904866666667E7
29.0 138878 1.5585921091666667E7
30.0 139386 1.61455255E7
31.0 139893 1.6707718091666667E7
32.0 140401 1.7272498866666667E7
33.0 140908 1.7839867825E7
34.0 141416 1.840982496666667E7
35.0 141923 1.8982370291666668E7
36.0 142431 1.95575038E7
37.0 142938 2.0135225491666667E7
38.0 143445 2.0715535366666663E7
39.0 143953 2.1298433424999997E7
40.0 144460 2.1883919666666664E7
41.0 144968 2.2471994091666665E7
42.0 145475 2.30626567E7
43.0 145983 2.3655907491666667E7
44.0 146490 2.4251746466666665E7
45.0 146998 2.4850173625E7
46.0 147505 2.545118896666667E7
47.0 148013 2.6054792491666667E7
48.0 148520 2.6660984200000003E7
49.0 149028 2.726976409166667E7
50.0 149535 2.7881132166666668E7
51.0 150043 2.8495088425E7
52.0 150550 2.9111632866666663E7
53.0 151058 2.973076549166667E7
54.0 151565 3.0352486299999997E7
55.0 152073 3.0976795291666664E7
56.0 152580 3.1603692466666665E7
57.0 153088 3.2233177825E7
58.0 153595 3.2865251366666667E7
59.0 154103 3.3499913091666665E7
60.0 154610 3.4137163E7
61.0 155118 3.477700109166667E7
62.0 155625 3.541942736666667E7
63.0 156133 3.6064441825E7
64.0 156640 3.671204446666667E7
65.0 157148 3.736223529166667E7
66.0 157655 3.8015014300000004E7
67.0 158163 3.867038149166666E7
68.0 158670 3.9328336866666675E7
69.0 159178 3.9988880425E7
70.0 159685 4.0652012166666664E7
71.0 160193 4.131773209166666E7
72.0 160700 4.1986040199999996E7
73.0 161208 4.265693649166667E7
74.0 161715 4.333042096666667E7
75.0 162223 4.4006493625E7
76.0 162730 4.468515446666667E7
77.0 163237 4.536640349166667E7
78.0 163745 4.60502407E7
79.0 164252 4.673666609166667E7
80.0 164760 4.742567966666667E7
81.0 165267 4.8117281425000004E7
82.0 165775 4.881147136666666E7
83.0 166282 4.9508249491666675E7
84.0 166790 5.02076158E7
85.0 167297 5.0909570291666664E7
86.0 167805 5.161411296666666E7
87.0 168312 5.2321243824999996E7
88.0 168820 5.303096286666667E7
89.0 169327 5.374327009166667E7
90.0 169835 5.44581655E7
91.0 170342 5.517564909166667E7
92.0 170850 5.589572086666667E7
93.0 171357 5.6618380825E7
94.0 171865 5.734362896666667E7
95.0 172372 5.807146529166667E7
96.0 172880 5.8801889800000004E7
97.0 173387 5.953490249166666E7
98.0 173895 6.0270503366666675E7
99.0 174402 6.1008692425E7
100.0 174910 6.1749469666666664E7
101.0 175417 6.249283509166666E7
102.0 175925 6.3238788699999996E7
103.0 176432 6.398733049166667E7
104.0 176940 6.473846046666667E7
105.0 177447 6.5492178625E7
106.0 177955 6.624848496666667E7
107.0 178462 6.700737949166667E7
108.0 178970 6.77688622E7
109.0 179477 6.853293309166667E7
110.0 179985 6.929959216666666E7
111.0 180492 7.006883942500001E7
112.0 181000 7.084067486666666E7
113.0 181507 7.161509849166667E7
114.0 182014 7.23921103E7
115.0 182522 7.317171029166667E7
116.0 183029 7.395389846666667E7
117.0 183537 7.4738674825E7
118.0 184044 7.552603936666666E7
119.0 184552 7.631599209166667E7
120.0 185059 638544.0
121.0 185584 1278426.3166666667
122.0 186109 1920985.2666666666
123.0 186634 2566220.8499999996
124.0 187159 3214133.066666667
125.0 187684 3864721.916666667
126.0 188208 4517987.4
127.0 188733 5173929.516666667
128.0 189258 5832548.266666667
129.0 189783 6493843.649999999
130.0 190308 7157815.666666666
131.0 190833 7824464.316666666
132.0 191357 8493789.600000001
133.0 191882 9165791.516666668
134.0 192407 9840470.066666666
135.0 192932 1.051782525E7
136.0 193457 1.1197857066666666E7
137.0 193982 1.1880565516666666E7
138.0 194506 1.25659506E7
139.0 195031 1.3254012316666668E7
140.0 195556 1.3944750666666668E7
141.0 196081 1.463816565E7
142.0 196606 1.5334257266666668E7
143.0 197131 1.6033025516666666E7
144.0 197655 1.6734470399999999E7
145.0 198180 1.7438591916666664E7
146.0 198705 1.814539006666667E7
147.0 199230 1.885486485E7
148.0 199755 1.9567016266666666E7
149.0 200279 2.0281844316666666E7
150.0 200804 2.0999349E7
151.0 201329 2.1719530316666666E7
152.0 201854 2.2442388266666666E7
153.0 202379 2.3167922849999998E7
154.0 202904 2.3896134066666663E7
155.0 203428 2.4627021916666668E7
156.0 203953 2.5360586400000002E7
157.0 204478 2.6096827516666666E7
158.0 205003 2.6835745266666666E7
159.0 205528 2.757733965E7
160.0 206053 2.8321610666666664E7
161.0 206577 2.906855831666667E7
162.0 207102 2.98181826E7
163.0 207627 3.057048351666667E7
164.0 208152 3.1325461066666666E7
165.0 208677 3.208311525E7
166.0 209202 3.2843446066666666E7
167.0 209726 3.3606453516666666E7
168.0 210251 3.4372137599999994E7
169.0 210776 3.514049831666666E7
170.0 211301 3.591153566666667E7
171.0 211826 3.668524965E7
172.0 212351 3.7461640266666666E7
173.0 212875 3.8240707516666666E7
174.0 213400 3.90224514E7
175.0 213925 3.9806871916666664E7
176.0 214450 4.059396906666667E7
177.0 214975 4.138374285E7
178.0 215500 4.2176193266666666E7
179.0 216024 4.297132031666667E7
180.0 216549 4.3769124E7
181.0 217074 4.456960431666666E7
182.0 217599 4.5372761266666666E7
183.0 218124 4.6178594849999994E7
184.0 218649 4.698710506666666E7
185.0 219173 4.779829191666667E7
186.0 219698 4.86121554E7
187.0 220223 4.9428695516666666E7
188.0 220748 5.0247912266666666E7
189.0 221273 5.106980565E7
190.0 221798 5.1894375666666664E7
191.0 222322 5.272162231666667E7
192.0 222847 5.35515456E7
193.0 223372 5.4384145516666666E7
194.0 223897 5.521942206666667E7
195.0 224422 5.605737525E7
196.0 224946 5.689800506666666E7
197.0 225471 5.7741311516666666E7
198.0 225996 5.8587294599999994E7
199.0 226521 5.943595431666666E7
200.0 227046 6.028729066666667E7
201.0 227571 6.114130365E7
202.0 228095 6.1997993266666666E7
203.0 228620 6.2857359516666666E7
204.0 229145 6.37194024E7
205.0 229670 6.4584121916666664E7
206.0 230195 6.545151806666667E7
207.0 230720 6.632159085E7
208.0 231244 6.719434026666667E7
209.0 231769 6.806976631666666E7
210.0 232294 6.8947869E7
211.0 232819 6.982864831666666E7
212.0 233344 7.071210426666667E7
213.0 233869 7.159823685E7
214.0 234393 7.248704606666666E7
215.0 234918 7.337853191666667E7
216.0 235443 7.42726944E7
217.0 235968 7.516953351666667E7
218.0 236493 7.606904926666667E7
219.0 237018 7.697124164999999E7
220.0 237542 7.787611066666667E7
221.0 238067 7.878365631666668E7
222.0 238592 7.969387860000001E7
223.0 239117 8.060677751666667E7
224.0 239642 8.152235306666666E7
225.0 240167 8.244060525E7
226.0 240691 8.336153406666666E7
227.0 241216 8.428513951666667E7
228.0 241741 8.52114216E7
229.0 242266 8.614038031666666E7
230.0 242791 8.707201566666666E7
231.0 243316 8.800632765E7
232.0 243840 8.894331626666667E7
233.0 244365 8.988298151666667E7
234.0 244890 9.082532339999999E7
235.0 245415 9.177034191666667E7
236.0 245940 9.271803706666668E7
237.0 246465 9.366840885000001E7
238.0 246989 9.462145726666667E7
239.0 247514 9.557718231666666E7
240.0 248039 799142.0
241.0 248611 1599742.4
242.0 249183 2403259.6
243.0 249755 3209693.5999999996
244.0 250327 4019044.4
245.0 250899 4831312.0
246.0 251471 5646496.4
247.0 252042 6464597.600000001
248.0 252614 7285615.6
249.0 253186 8109550.399999999
250.0 253758 8936402.0
251.0 254330 9766170.4
252.0 254902 1.0598855600000001E7
253.0 255474 1.14344576E7
254.0 256046 1.22729764E7
255.0 256618 1.3114412E7
256.0 257190 1.39587644E7
257.0 257762 1.4806033600000001E7
258.0 258334 1.56562196E7
259.0 258906 1.65093224E7
260.0 259477 1.7365342E7
261.0 260049 1.8224278400000002E7
262.0 260621 1.90861316E7
263.0 261193 1.9950901599999998E7
264.0 261765 2.08185884E7
265.0 262337 2.1689192E7
266.0 262909 2.2562712400000002E7
267.0 263481 2.34391496E7
268.0 264053 2.4318503599999998E7
269.0 264625 2.52007744E7
270.0 265197 2.6085962E7
271.0 265769 2.6974066400000002E7
272.0 266341 2.78650876E7
273.0 266912 2.8759025599999998E7
274.0 267484 2.96558804E7
275.0 268056 3.0555652E7
276.0 268628 3.1458340400000002E7
277.0 269200 3.23639456E7
278.0 269772 3.3272467599999998E7
279.0 270344 3.41839064E7
280.0 270916 3.5098262E7
281.0 271488 3.60155344E7
282.0 272060 3.69357236E7
283.0 272632 3.78588296E7
284.0 273204 3.87848524E7
285.0 273775 3.9713792E7
286.0 274347 4.06456484E7
287.0 274919 4.15804216E7
288.0 275491 4.2518111599999994E7
289.0 276063 4.34587184E7
290.0 276635 4.4402242E7
291.0 277207 4.53486824E7
292.0 277779 4.62980396E7
293.0 278351 4.7250313599999994E7
294.0 278923 4.82055044E7
295.0 279495 4.9163612E7
296.0 280067 5.01246364E7
297.0 280639 5.10885776E7
298.0 281210 5.2055435599999994E7
299.0 281782 5.30252104E7
300.0 282354 5.3997902E7
301.0 282926 5.49735104E7
302.0 283498 5.59520356E7
303.0 284070 5.6933477599999994E7
304.0 284642 5.79178364E7
305.0 285214 5.8905112E7
306.0 285786 5.98953044E7
307.0 286358 6.08884136E7
308.0 286930 6.1884439599999994E7
309.0 287502 6.28833824E7
310.0 288074 6.3885242E7
311.0 288645 6.48900184E7
312.0 289217 6.58977116E7
313.0 289789 6.6908321599999994E7
314.0 290361 6.792184839999999E7
315.0 290933 6.8938292E7
316.0 291505 6.99576524E7
317.0 292077 7.097992960000001E7
318.0 292649 7.20051236E7
319.0 293221 7.303323439999999E7
320.0 293793 7.4064262E7
321.0 294365 7.50982064E7
322.0 294937 7.613506760000001E7
323.0 295509 7.71748456E7
324.0 296080 7.821754039999999E7
325.0 296652 7.9263152E7
326.0 297224 8.03116804E7
327.0 297796 8.136312560000001E7
328.0 298368 8.24174876E7
329.0 298940 8.347476639999999E7
330.0 299512 8.4534962E7
331.0 300084 8.55980744E7
332.0 300656 8.666410360000001E7
333.0 301228 8.77330496E7
334.0 301800 8.880491239999999E7
335.0 302372 8.9879692E7
336.0 302943 9.09573884E7
337.0 303515 9.203800160000001E7
338.0 304087 9.31215316E7
339.0 304659 9.420797839999999E7
340.0 305231 9.5297342E7
341.0 305803 9.63896224E7
342.0 306375 9.748481960000001E7
343.0 306947 9.85829336E7
344.0 307519 9.968396439999999E7
345.0 308091 1.00787912E8
346.0 308663 1.018947764E8
347.0 309235 1.0300455760000001E8
348.0 309807 1.041172556E8
349.0 310378 1.0523287039999999E8
350.0 310950 1.06351402E8
351.0 311522 1.074728504E8
352.0 312094 1.0859721560000001E8
353.0 312666 1.097244976E8
354.0 313238 1.1085469639999999E8
355.0 313810 1.11987812E8
356.0 314382 1.131238444E8
357.0 314954 1.1426279360000001E8
358.0 315526 1.154046596E8
359.0 316098 1.1654944239999999E8
360.0 316670 974150.0
361.0 317367 1950077.775
362.0 318064 2929561.1
363.0 318761 3912599.9749999996
364.0 319458 4899194.4
365.0 320155 5889344.375
366.0 320853 6883049.9
367.0 321550 7880310.975000001
368.0 322247 8881127.6
369.0 322944 9885499.775
370.0 323641 1.08934275E7
371.0 324338 1.1904910775E7
372.0 325036 1.2919949600000001E7
373.0 325733 1.3938543975E7
374.0 326430 1.49606939E7
375.0 327127 1.5986399375E7
376.0 327824 1.70156604E7
377.0 328521 1.8048476975E7
378.0 329219 1.9084849099999998E7
379.0 329916 2.0124776775E7
380.0 330613 2.116826E7
381.0 331310 2.2215298775000002E7
382.0 332007 2.32658931E7
383.0 332704 2.4320042974999998E7
384.0 333402 2.53777484E7
385.0 334099 2.6439009375E7
386.0 334796 2.7503825900000002E7
387.0 335493 2.8572197975E7
388.0 336190 2.9644125599999998E7
389.0 336887 3.0719608775E7
390.0 337585 3.17986475E7
391.0 338282 3.2881241775000002E7
392.0 338979 3.39673916E7
393.0 339676 3.5057096975E7
394.0 340373 3.61503579E7
395.0 341070 3.7247174375E7
396.0 341768 3.83475464E7
397.0 342465 3.9451473975E7
398.0 343162 4.05589571E7
399.0 343859 4.1669995775E7
400.0 344556 4.278459E7
401.0 345253 4.3902739775E7
402.0 345951 4.50244451E7
403.0 346648 4.6149705975E7
404.0 347345 4.7278522400000006E7
405.0 348042 4.8410894375E7
406.0 348739 4.95468219E7
407.0 349436 5.0686304975E7
408.0 350134 5.1829343599999994E7
409.0 350831 5.2975937775000006E7
410.0 351528 5.41260875E7
411.0 352225 5.5279792775E7
412.0 352922 5.64370536E7
413.0 353619 5.7597869974999994E7
414.0 354317 5.8762241900000006E7
415.0 355014 5.9930169375E7
416.0 355711 6.110165239999999E7
417.0 356408 6.2276690975E7
418.0 357105 6.3455285099999994E7
419.0 357802 6.4637434775000006E7
420.0 358500 6.582314E7
421.0 359197 6.701240077499999E7
422.0 359894 6.820521710000001E7
423.0 360591 6.9401588975E7
424.0 361288 7.06015164E7
425.0 361985 7.1804999375E7
426.0 362683 7.301203789999999E7
427.0 363380 7.422263197500001E7
428.0 364077 7.54367816E7
429.0 364774 7.6654486775E7
430.0 365471 7.78757475E7
431.0 366168 7.910056377499999E7
432.0 366866 8.032893560000001E7
433.0 367563 8.1560862975E7
434.0 368260 8.27963459E7
435.0 368957 8.4035384375E7
436.0 369654 8.527797839999999E7
437.0 370351 8.652412797500001E7
438.0 371049 8.77738331E7
439.0 371746 8.9027093775E7
440.0 372443 9.028391E7
441.0 373140 9.154428177499999E7
442.0 373837 9.280820910000001E7
443.0 374534 9.4075691975E7
444.0 375232 9.53467304E7
445.0 375929 9.6621324375E7
446.0 376626 9.789947389999999E7
447.0 377323 9.918117897500001E7
448.0 378020 1.004664396E8
449.0 378717 1.01755255775E8
450.0 379415 1.030476275E8
451.0 380112 1.0434355477499999E8
452.0 380809 1.0564303760000001E8
453.0 381506 1.06946075975E8
454.0 382203 1.082526699E8
455.0 382900 1.09562819375E8
456.0 383598 1.1087652439999999E8
457.0 384295 1.1219378497500001E8
458.0 384992 1.135146011E8
459.0 385689 1.14838972775E8
460.0 386386 1.161669E8
461.0 387083 1.1749838277499999E8
462.0 387781 1.1883342110000001E8
463.0 388478 1.20172014975E8
464.0 389175 1.215141644E8
465.0 389872 1.22859869375E8
466.0 390569 1.2420912989999999E8
467.0 391266 1.2556194597500001E8
468.0 391964 1.269183176E8
469.0 392661 1.28278244775E8
470.0 393358 1.296417275E8
471.0 394055 1.3100876577499999E8
472.0 394752 1.3237935960000001E8
473.0 395449 1.33753508975E8
474.0 396147 1.351312139E8
475.0 396844 1.36512474375E8
476.0 397541 1.3789729039999998E8
477.0 398238 1.39285661975E8
478.0 398935 1.406775891E8
479.0 399632 1.42073071775E8
480.0 400330 1187483.0
481.0 401179 2377133.1
482.0 402029 3571117.4
483.0 402879 4769435.9
484.0 403729 5972088.6
485.0 404579 7179075.5
486.0 405429 8390396.600000001
487.0 406279 9606051.9
488.0 407128 1.08260414E7
489.0 407978 1.20503651E7
490.0 408828 1.3279023E7
491.0 409678 1.4512015100000001E7
492.0 410528 1.5749341399999999E7
493.0 411378 1.69910019E7
494.0 412227 1.8236996599999998E7
495.0 413077 1.94873255E7
496.0 413927 2.07419886E7
497.0 414777 2.20009859E7
498.0 415627 2.3264317400000002E7
499.0 416477 2.4531983099999998E7
500.0 417326 2.5803983E7
501.0 418176 2.70803171E7
502.0 419026 2.83609854E7
503.0 419876 2.9645987900000002E7
504.0 420726 3.0935324599999998E7
505.0 421576 3.22289955E7
506.0 422426 3.35270006E7
507.0 423275 3.48293399E7
508.0 424125 3.61360134E7
509.0 424975 3.7447021099999994E7
510.0 425825 3.8762363E7
511.0 426675 4.00820391E7
512.0 427525 4.14060494E7
513.0 428374 4.27343939E7
514.0 429224 4.4067072599999994E7
515.0 430074 4.54040855E7
516.0 430924 4.67454326E7
517.0 431774 4.80911139E7
518.0 432624 4.94411294E7
519.0 433473 5.0795479099999994E7
520.0 434323 5.2154163E7
521.0 435173 5.35171811E7
522.0 436023 5.48845334E7
523.0 436873 5.62562199E7
524.0 437723 5.7632240599999994E7
525.0 438573 5.90125955E7
526.0 439422 6.03972846E7
527.0 440272 6.17863079E7
528.0 441122 6.3179665400000006E7
529.0 441972 6.4577357099999994E7
530.0 442822 6.5979383E7
531.0 443672 6.73857431E7
532.0 444521 6.879643739999999E7
533.0 445371 7.02114659E7
534.0 446221 7.16308286E7
535.0 447071 7.30545255E7
536.0 447921 7.448255660000001E7
537.0 448771 7.591492189999999E7
538.0 449621 7.73516214E7
539.0 450470 7.87926551E7
540.0 451320 8.0238023E7
541.0 452170 8.168772510000001E7
542.0 453020 8.314176139999999E7
543.0 453870 8.46001319E7
544.0 454720 8.60628366E7
545.0 455569 8.75298755E7
546.0 456419 8.900124860000001E7
547.0 457269 9.047695589999999E7
548.0 458119 9.19569974E7
549.0 458969 9.34413731E7
550.0 459819 9.4930083E7
551.0 460668 9.642312710000001E7
552.0 461518 9.792050539999999E7
553.0 462368 9.94222179E7
554.0 463218 1.009282646E8
555.0 464068 1.024386455E8
556.0 464918 1.0395336060000001E8
557.0 465768 1.0547240989999999E8
558.0 466617 1.069957934E8
559.0 467467 1.085235111E8
560.0 468317 1.10055563E8
561.0 469167 1.1159194910000001E8
562.0 470017 1.1313266939999999E8
563.0 470867 1.146777239E8
564.0 471716 1.162271126E8
565.0 472566 1.177808355E8
566.0 473416 1.1933889260000001E8
567.0 474266 1.2090128389999999E8
568.0 475116 1.224680094E8
569.0 475966 1.240390691E8
570.0 476815 1.25614463E8
571.0 477665 1.2719419110000001E8
572.0 478515 1.2877825339999999E8
573.0 479365 1.303666499E8
574.0 480215 1.319593806E8
575.0 481065 1.335564455E8
576.0 481915 1.3515784460000002E8
577.0 482764 1.367635779E8
578.0 483614 1.383736454E8
579.0 484464 1.399880471E8
580.0 485314 1.41606783E8
581.0 486164 1.4322985310000002E8
582.0 487014 1.448572574E8
583.0 487863 1.464889959E8
584.0 488713 1.481250686E8
585.0 489563 1.497654755E8
586.0 490413 1.5141021660000002E8
587.0 491263 1.530592919E8
588.0 492113 1.547127014E8
589.0 492963 1.563704451E8
590.0 493812 1.58032523E8
591.0 494662 1.5969893510000002E8
592.0 495512 1.613696814E8
593.0 496362 1.630447619E8
594.0 497212 1.647241766E8
595.0 498062 1.664079255E8
596.0 498911 1.6809600860000002E8
597.0 499761 1.697884259E8
598.0 500611 1.714851774E8
599.0 501461 1.731862631E8
