                                        Falls Lake -- Monthly Statistics
                          Note:  permanent impoundment began on 13 January 1983
                                                                                Water  
                                                                                 shed                                               Total
            Start     End      Max   Day    Min    Day      In-    Out-   Water  Rain-
            Elev     Elev     Elev    Of    Elev    Of     flow    flow  Supply  fall
  Year Mn (NGVD29) (NGVD29) (NGVD29) Max  (NGVD29) Min     (MSF)   (MSF)  (MSF) (Inches)        Notes:
  2012	1	0	0	0	0	0	0	784	0	0	0
  2012	2	0	0	0	0	0	0	607	0	0	0
  2012	3	0	0	0	0	0	0	259	0	0	0
  2012	4	0	0	0	0	0	0	400	0	0	0
  2012	5	0	0	0	0	0	0	229	0	0	0
  2012	6	0	0	0	0	0	0	48	0	0	0
  2012	7	0	0	0	0	0	0	11	0	0	0
  2012	8	0	0	0	0	0	0	-3	0	0	0
  2012	9	0	0	0	0	0	0	85	0	0	0
  2012	10	0	0	0	0	0	0	86	0	0	0
  2012	11	0	0	0	0	0	0	1	0	0	0
  2012	12	0	0	0	0	0	0	186	0	0	0
  2013	1	0	0	0	0	0	0	101	0	0	0
  2013	2	0	0	0	0	0	0	221	0	0	0
  2013	3	0	0	0	0	0	0	887	0	0	0
  2013	4	0	0	0	0	0	0	1114	0	0	0
  2013	5	0	0	0	0	0	0	223	0	0	0
  2013	6	0	0	0	0	0	0	81	0	0	0
  2013	7	0	0	0	0	0	0	174	0	0	0
  2013	8	0	0	0	0	0	0	252	0	0	0
  2013	9	0	0	0	0	0	0	1930	0	0	0
  2013	10	0	0	0	0	0	0	179	0	0	0
  2013	11	0	0	0	0	0	0	2360	0	0	0
  2013	12	0	0	0	0	0	0	630	0	0	0
  2014	1	0	0	0	0	0	0	1082	0	0	0
  2014	2	0	0	0	0	0	0	586	0	0	0
	2014	3	0	0	0	0	0	0	1089	0	0	0
	2014	4	0	0	0	0	0	0	1712	0	0	0
	2014	5	0	0	0	0	0	0	376	0	0	0
	2014	6	0	0	0	0	0	0	371	0	0	0
	2014	7	0	0	0	0	0	0	273	0	0	0
	2014	8	0	0	0	0	0	0	-47	0	0	0
	2014	9	0	0	0	0	0	0	37	0	0	0
	2014	10	0	0	0	0	0	0	-6	0	0	0
	2014	11	0	0	0	0	0	0	79	0	0	0
	2014	12	0	0	0	0	0	0	241	0	0	0
	2015	1	0	0	0	0	0	0	784	0	0	0
	2015	2	0	0	0	0	0	0	607	0	0	0
	2015	3	0	0	0	0	0	0	259	0	0	0
	2015	4	0	0	0	0	0	0	400	0	0	0
	2015	5	0	0	0	0	0	0	229	0	0	0
	2015	6	0	0	0	0	0	0	48	0	0	0
	2015	7	0	0	0	0	0	0	11	0	0	0
	2015	8	0	0	0	0	0	0	-3	0	0	0
	2015	9	0	0	0	0	0	0	85	0	0	0
	2015	10	0	0	0	0	0	0	86	0	0	0
	2015	11	0	0	0	0	0	0	1	0	0	0
	2015	12	0	0	0	0	0	0	186	0	0	0
	2016	1	0	0	0	0	0	0	101	0	0	0
	2016	2	0	0	0	0	0	0	221	0	0	0
	2016	3	0	0	0	0	0	0	887	0	0	0
	2016	4	0	0	0	0	0	0	1114	0	0	0
	2016	5	0	0	0	0	0	0	223	0	0	0
	2016	6	0	0	0	0	0	0	81	0	0	0
	2016	7	0	0	0	0	0	0	174	0	0	0
	2016	8	0	0	0	0	0	0	252	0	0	0
	2016	9	0	0	0	0	0	0	1930	0	0	0
	2016	10	0	0	0	0	0	0	179	0	0	0
	2016	11	0	0	0	0	0	0	2360	0	0	0
	2016	12	0	0	0	0	0	0	630	0	0	0
	2017	1	0	0	0	0	0	0	1082	0	0	0
	2017	2	0	0	0	0	0	0	586	0	0	0
	2017	3	0	0	0	0	0	0	1023	0	0	0
	2017	4	0	0	0	0	0	0	1060	0	0	0
	2017	5	0	0	0	0	0	0	137	0	0	0
	2017	6	0	0	0	0	0	0	47	0	0	0
	2017	7	0	0	0	0	0	0	-25	0	0	0
	2017	8	0	0	0	0	0	0	-46	0	0	0
	2017	9	0	0	0	0	0	0	-44	0	0	0
	2017	10	0	0	0	0	0	0	-7	0	0	0
	2017	11	0	0	0	0	0	0	4	0	0	0
	2017	12	0	0	0	0	0	0	74	0	0	0
	2018	1	0	0	0	0	0	0	568	0	0	0
	2018	2	0	0	0	0	0	0	210	0	0	0
	2018	3	0	0	0	0	0	0	333	0	0	0
	2018	4	0	0	0	0	0	0	159	0	0	0
	2018	5	0	0	0	0	0	0	-11	0	0	0
	2018	6	0	0	0	0	0	0	-66	0	0	0
	2018	7	0	0	0	0	0	0	-3	0	0	0
	2018	8	0	0	0	0	0	0	56	0	0	0
	2018	9	0	0	0	0	0	0	99	0	0	0
	2018	10	0	0	0	0	0	0	-9	0	0	0
	2018	11	0	0	0	0	0	0	91	0	0	0
	2018	12	0	0	0	0	0	0	148	0	0	0
	2019	1	0	0	0	0	0	0	160	0	0	0
	2019	2	0	0	0	0	0	0	473	0	0	0
	2019	3	0	0	0	0	0	0	1986	0	0	0
	2019	4	0	0	0	0	0	0	799	0	0	0
	2019	5	0	0	0	0	0	0	121	0	0	0
	2019	6	0	0	0	0	0	0	332	0	0	0
	2019	7	0	0	0	0	0	0	326	0	0	0
	2019	8	0	0	0	0	0	0	247	0	0	0
	2019	9	0	0	0	0	0	0	82	0	0	0
	2019	10	0	0	0	0	0	0	98	0	0	0
	2019	11	0	0	0	0	0	0	331	0	0	0
	2019	12	0	0	0	0	0	0	1757	0	0	0
	2020	1	0	0	0	0	0	0	1884	0	0	0
	2020	2	0	0	0	0	0	0	2558	0	0	0
	2020	3	0	0	0	0	0	0	3177	0	0	0
	2020	4	0	0	0	0	0	0	1981	0	0	0
	2020	5	0	0	0	0	0	0	1079	0	0	0
	2020	6	0	0	0	0	0	0	221	0	0	0
	2020	7	0	0	0	0	0	0	1006	0	0	0
	2020	8	0	0	0	0	0	0	424	0	0	0
	2020	9	0	0	0	0	0	0	25	0	0	0
	2020	10	0	0	0	0	0	0	31	0	0	0
	2020	11	0	0	0	0	0	0	2565	0	0	0
	2020	12	0	0	0	0	0	0	742	0	0	0
	2021	1	0	0	0	0	0	0	340	0	0	0
	2021	2	0	0	0	0	0	0	453	0	0	0
	2021	3	0	0	0	0	0	0	1120	0	0	0
	2021	4	0	0	0	0	0	0	134	0	0	0
	2021	5	0	0	0	0	0	0	149	0	0	0
	2021	6	0	0	0	0	0	0	-52	0	0	0
	2021	7	0	0	0	0	0	0	24	0	0	0
	2021	8	0	0	0	0	0	0	709	0	0	0
	2021	9	0	0	0	0	0	0	-21	0	0	0
	2021	10	0	0	0	0	0	0	-7	0	0	0
	2021	11	0	0	0	0	0	0	4	0	0	0
	2021	12	0	0	0	0	0	0	74	0	0	0
	2022	1	0	0	0	0	0	0	568	0	0	0
	2022	2	0	0	0	0	0	0	210	0	0	0
	2022	3	0	0	0	0	0	0	333	0	0	0
	2022	4	0	0	0	0	0	0	159	0	0	0
	2022	5	0	0	0	0	0	0	-11	0	0	0
	2022	6	0	0	0	0	0	0	-66	0	0	0
	2022	7	0	0	0	0	0	0	-3	0	0	0
	2022	8	0	0	0	0	0	0	56	0	0	0
	2022	9	0	0	0	0	0	0	99	0	0	0
	2022	10	0	0	0	0	0	0	86	0	0	0
	2022	11	0	0	0	0	0	0	1	0	0	0
	2022	12	0	0	0	0	0	0	186	0	0	0
	2023	1	0	0	0	0	0	0	101	0	0	0
	2023	2	0	0	0	0	0	0	221	0	0	0
	2023	3	0	0	0	0	0	0	887	0	0	0
	2023	4	0	0	0	0	0	0	1114	0	0	0
	2023	5	0	0	0	0	0	0	223	0	0	0
	2023	6	0	0	0	0	0	0	81	0	0	0
	2023	7	0	0	0	0	0	0	174	0	0	0
	2023	8	0	0	0	0	0	0	252	0	0	0
	2023	9	0	0	0	0	0	0	1930	0	0	0
	2023	10	0	0	0	0	0	0	37	0	0	0
	2023	11	0	0	0	0	0	0	132	0	0	0
	2023	12	0	0	0	0	0	0	688	0	0	0
	2024	1	0	0	0	0	0	0	368	0	0	0
	2024	2	0	0	0	0	0	0	343	0	0	0
	2024	3	0	0	0	0	0	0	103	0	0	0
	2024	4	0	0	0	0	0	0	324	0	0	0
	2024	5	0	0	0	0	0	0	131	0	0	0
	2024	6	0	0	0	0	0	0	1259	0	0	0
	2024	7	0	0	0	0	0	0	516	0	0	0
	2024	8	0	0	0	0	0	0	16	0	0	0
	2024	9	0	0	0	0	0	0	294	0	0	0
	2024	10	0	0	0	0	0	0	78	0	0	0
	2024	11	0	0	0	0	0	0	18	0	0	0
	2024	12	0	0	0	0	0	0	107	0	0	0
	2025	1	0	0	0	0	0	0	110	0	0	0
	2025	2	0	0	0	0	0	0	237	0	0	0
	2025	3	0	0	0	0	0	0	621	0	0	0
	2025	4	0	0	0	0	0	0	404	0	0	0
	2025	5	0	0	0	0	0	0	342	0	0	0
	2025	6	0	0	0	0	0	0	-19	0	0	0
	2025	7	0	0	0	0	0	0	-8	0	0	0
	2025	8	0	0	0	0	0	0	-15	0	0	0
	2025	9	0	0	0	0	0	0	107	0	0	0
	2025	10	0	0	0	0	0	0	41	0	0	0
	2025	11	0	0	0	0	0	0	195	0	0	0
	2025	12	0	0	0	0	0	0	245	0	0	0
	2026	1	0	0	0	0	0	0	155	0	0	0
	2026	2	0	0	0	0	0	0	275	0	0	0
	2026	3	0	0	0	0	0	0	913	0	0	0
	2026	4	0	0	0	0	0	0	125	0	0	0
	2026	5	0	0	0	0	0	0	348	0	0	0
	2026	6	0	0	0	0	0	0	25	0	0	0
	2026	7	0	0	0	0	0	0	50	0	0	0
	2026	8	0	0	0	0	0	0	141	0	0	0
	2026	9	0	0	0	0	0	0	465	0	0	0
	2026	10	0	0	0	0	0	0	98	0	0	0
	2026	11	0	0	0	0	0	0	331	0	0	0
	2026	12	0	0	0	0	0	0	1757	0	0	0
	2027	1	0	0	0	0	0	0	1884	0	0	0
	2027	2	0	0	0	0	0	0	2558	0	0	0
	2027	3	0	0	0	0	0	0	3177	0	0	0
	2027	4	0	0	0	0	0	0	1981	0	0	0
	2027	5	0	0	0	0	0	0	1079	0	0	0
	2027	6	0	0	0	0	0	0	221	0	0	0
	2027	7	0	0	0	0	0	0	1006	0	0	0
	2027	8	0	0	0	0	0	0	424	0	0	0
	2027	9	0	0	0	0	0	0	25	0	0	0
	2027	10	0	0	0	0	0	0	1178	0	0	0
	2027	11	0	0	0	0	0	0	1295	0	0	0
	2027	12	0	0	0	0	0	0	700	0	0	0
	2028	1	0	0	0	0	0	0	1682	0	0	0
	2028	2	0	0	0	0	0	0	1341	0	0	0
	2028	3	0	0	0	0	0	0	1300	0	0	0
	2028	4	0	0	0	0	0	0	864	0	0	0
	2028	5	0	0	0	0	0	0	837	0	0	0
	2028	6	0	0	0	0	0	0	230	0	0	0
	2028	7	0	0	0	0	0	0	164	0	0	0
	2028	8	0	0	0	0	0	0	402	0	0	0
	2028	9	0	0	0	0	0	0	4153	0	0	0
	2028	10	0	0	0	0	0	0	183	0	0	0
	2028	11	0	0	0	0	0	0	585	0	0	0
	2028	12	0	0	0	0	0	0	707	0	0	0
	2029	1	0	0	0	0	0	0	857	0	0	0
	2029	2	0	0	0	0	0	0	636	0	0	0
	2029	3	0	0	0	0	0	0	1463	0	0	0
	2029	4	0	0	0	0	0	0	589	0	0	0
	2029	5	0	0	0	0	0	0	135	0	0	0
	2029	6	0	0	0	0	0	0	141	0	0	0
	2029	7	0	0	0	0	0	0	36	0	0	0
	2029	8	0	0	0	0	0	0	17	0	0	0
	2029	9	0	0	0	0	0	0	-56	0	0	0
	2029	10	0	0	0	0	0	0	37	0	0	0
	2029	11	0	0	0	0	0	0	132	0	0	0
	2029	12	0	0	0	0	0	0	688	0	0	0
	2030	1	0	0	0	0	0	0	368	0	0	0
	2030	2	0	0	0	0	0	0	343	0	0	0
	2030	3	0	0	0	0	0	0	103	0	0	0
	2030	4	0	0	0	0	0	0	324	0	0	0
	2030	5	0	0	0	0	0	0	131	0	0	0
	2030	6	0	0	0	0	0	0	1259	0	0	0
	2030	7	0	0	0	0	0	0	516	0	0	0
	2030	8	0	0	0	0	0	0	16	0	0	0
	2030	9	0	0	0	0	0	0	294	0	0	0
	2030	10	0	0	0	0	0	0	189	0	0	0
	2030	11	0	0	0	0	0	0	268	0	0	0
	2030	12	0	0	0	0	0	0	1092	0	0	0
	2031	1	0	0	0	0	0	0	240	0	0	0
	2031	2	0	0	0	0	0	0	961	0	0	0
	2031	3	0	0	0	0	0	0	403	0	0	0
	2031	4	0	0	0	0	0	0	479	0	0	0
	2031	5	0	0	0	0	0	0	289	0	0	0
	2031	6	0	0	0	0	0	0	67	0	0	0
	2031	7	0	0	0	0	0	0	179	0	0	0
	2031	8	0	0	0	0	0	0	995	0	0	0
	2031	9	0	0	0	0	0	0	535	0	0	0
	2031	10	0	0	0	0	0	0	78	0	0	0
	2031	11	0	0	0	0	0	0	18	0	0	0
	2031	12	0	0	0	0	0	0	107	0	0	0
	2032	1	0	0	0	0	0	0	110	0	0	0
	2032	2	0	0	0	0	0	0	237	0	0	0
	2032	3	0	0	0	0	0	0	621	0	0	0
	2032	4	0	0	0	0	0	0	404	0	0	0
	2032	5	0	0	0	0	0	0	342	0	0	0
	2032	6	0	0	0	0	0	0	-19	0	0	0
	2032	7	0	0	0	0	0	0	-8	0	0	0
	2032	8	0	0	0	0	0	0	-15	0	0	0
	2032	9	0	0	0	0	0	0	107	0	0	0
	2032	10	0	0	0	0	0	0	501	0	0	0
	2032	11	0	0	0	0	0	0	140	0	0	0
	2032	12	0	0	0	0	0	0	613	0	0	0 
  2033	1	0	0	0	0	0	0	110	0	0	0
	2033	2	0	0	0	0	0	0	237	0	0	0
	2033	3	0	0	0	0	0	0	621	0	0	0
	2033	4	0	0	0	0	0	0	404	0	0	0
	2033	5	0	0	0	0	0	0	342	0	0	0
	2033	6	0	0	0	0	0	0	-19	0	0	0
	2033	7	0	0	0	0	0	0	-8	0	0	0
	2033	8	0	0	0	0	0	0	-15	0	0	0
	2033	9	0	0	0	0	0	0	107	0	0	0
	2033	10	0	0	0	0	0	0	501	0	0	0
	2033	11	0	0	0	0	0	0	140	0	0	0
	2033	12	0	0	0	0	0	0	613	0	0	0
  2034	1	0	0	0	0	0	0	110	0	0	0
	2034	2	0	0	0	0	0	0	237	0	0	0
	2034	3	0	0	0	0	0	0	621	0	0	0
	2034	4	0	0	0	0	0	0	404	0	0	0
	2034	5	0	0	0	0	0	0	342	0	0	0
	2034	6	0	0	0	0	0	0	-19	0	0	0
	2034	7	0	0	0	0	0	0	-8	0	0	0
	2034	8	0	0	0	0	0	0	-15	0	0	0
	2034	9	0	0	0	0	0	0	107	0	0	0
	2034	10	0	0	0	0	0	0	501	0	0	0
	2034	11	0	0	0	0	0	0	140	0	0	0
	2034	12	0	0	0	0	0	0	613	0	0	0
  2035	1	0	0	0	0	0	0	110	0	0	0
	2035	2	0	0	0	0	0	0	237	0	0	0
	2035	3	0	0	0	0	0	0	621	0	0	0
	2035	4	0	0	0	0	0	0	404	0	0	0
	2035	5	0	0	0	0	0	0	342	0	0	0
	2035	6	0	0	0	0	0	0	-19	0	0	0
	2035	7	0	0	0	0	0	0	-8	0	0	0
	2035	8	0	0	0	0	0	0	-15	0	0	0
	2035	9	0	0	0	0	0	0	107	0	0	0
	2035	10	0	0	0	0	0	0	501	0	0	0
	2035	11	0	0	0	0	0	0	140	0	0	0
	2035	12	0	0	0	0	0	0	613	0	0	0
  2036	1	0	0	0	0	0	0	110	0	0	0
	2036	2	0	0	0	0	0	0	237	0	0	0
	2036	3	0	0	0	0	0	0	621	0	0	0
	2036	4	0	0	0	0	0	0	404	0	0	0
	2036	5	0	0	0	0	0	0	342	0	0	0
	2036	6	0	0	0	0	0	0	-19	0	0	0
	2036	7	0	0	0	0	0	0	-8	0	0	0
	2036	8	0	0	0	0	0	0	-15	0	0	0
	2036	9	0	0	0	0	0	0	107	0	0	0
	2036	10	0	0	0	0	0	0	501	0	0	0
	2036	11	0	0	0	0	0	0	140	0	0	0
	2036	12	0	0	0	0	0	0	613	0	0	0
  2037	1	0	0	0	0	0	0	110	0	0	0
	2037	2	0	0	0	0	0	0	237	0	0	0
	2037	3	0	0	0	0	0	0	621	0	0	0
	2037	4	0	0	0	0	0	0	404	0	0	0
	2037	5	0	0	0	0	0	0	342	0	0	0
	2037	6	0	0	0	0	0	0	-19	0	0	0
	2037	7	0	0	0	0	0	0	-8	0	0	0
	2037	8	0	0	0	0	0	0	-15	0	0	0
	2037	9	0	0	0	0	0	0	107	0	0	0
	2037	10	0	0	0	0	0	0	501	0	0	0
	2037	11	0	0	0	0	0	0	140	0	0	0
	2037	12	0	0	0	0	0	0	613	0	0	0
  2038	1	0	0	0	0	0	0	110	0	0	0
	2038	2	0	0	0	0	0	0	237	0	0	0
	2038	3	0	0	0	0	0	0	1089	0	0	0
	2038	4	0	0	0	0	0	0	1712	0	0	0
	2038	5	0	0	0	0	0	0	376	0	0	0
	2038	6	0	0	0	0	0	0	371	0	0	0
	2038	7	0	0	0	0	0	0	273	0	0	0
	2038	8	0	0	0	0	0	0	-47	0	0	0
	2038	9	0	0	0	0	0	0	37	0	0	0
	2038	10	0	0	0	0	0	0	-6	0	0	0
	2038	11	0	0	0	0	0	0	79	0	0	0
	2038	12	0	0	0	0	0	0	241	0	0	0
	2039	1	0	0	0	0	0	0	784	0	0	0
	2039	2	0	0	0	0	0	0	607	0	0	0
	2039	3	0	0	0	0	0	0	259	0	0	0
	2039	4	0	0	0	0	0	0	400	0	0	0
	2039	5	0	0	0	0	0	0	229	0	0	0
	2039	6	0	0	0	0	0	0	48	0	0	0
	2039	7	0	0	0	0	0	0	11	0	0	0
	2039	8	0	0	0	0	0	0	-3	0	0	0
	2039	9	0	0	0	0	0	0	85	0	0	0
	2039	10	0	0	0	0	0	0	86	0	0	0
	2039	11	0	0	0	0	0	0	1	0	0	0
	2039	12	0	0	0	0	0	0	186	0	0	0
	2040	1	0	0	0	0	0	0	101	0	0	0
	2040	2	0	0	0	0	0	0	221	0	0	0
	2040	3	0	0	0	0	0	0	887	0	0	0
	2040	4	0	0	0	0	0	0	1114	0	0	0
	2040	5	0	0	0	0	0	0	223	0	0	0
	2040	6	0	0	0	0	0	0	81	0	0	0
	2040	7	0	0	0	0	0	0	174	0	0	0
	2040	8	0	0	0	0	0	0	252	0	0	0
	2040	9	0	0	0	0	0	0	1930	0	0	0
	2040	10	0	0	0	0	0	0	179	0	0	0
	2040	11	0	0	0	0	0	0	2360	0	0	0
	2040	12	0	0	0	0	0	0	630	0	0	0
	2041	1	0	0	0	0	0	0	1082	0	0	0
	2041	2	0	0	0	0	0	0	586	0	0	0
	2041	3	0	0	0	0	0	0	1023	0	0	0
	2041	4	0	0	0	0	0	0	1060	0	0	0
	2041	5	0	0	0	0	0	0	137	0	0	0
	2041	6	0	0	0	0	0	0	47	0	0	0
	2041	7	0	0	0	0	0	0	-25	0	0	0
	2041	8	0	0	0	0	0	0	-46	0	0	0
	2041	9	0	0	0	0	0	0	-44	0	0	0
	2041	10	0	0	0	0	0	0	-7	0	0	0
	2041	11	0	0	0	0	0	0	4	0	0	0
	2041	12	0	0	0	0	0	0	74	0	0	0
	2042	1	0	0	0	0	0	0	568	0	0	0
	2042	2	0	0	0	0	0	0	210	0	0	0
	2042	3	0	0	0	0	0	0	333	0	0	0
	2042	4	0	0	0	0	0	0	159	0	0	0
	2042	5	0	0	0	0	0	0	-11	0	0	0
	2042	6	0	0	0	0	0	0	-66	0	0	0
	2042	7	0	0	0	0	0	0	-3	0	0	0
	2042	8	0	0	0	0	0	0	56	0	0	0
	2042	9	0	0	0	0	0	0	99	0	0	0
	2042	10	0	0	0	0	0	0	-9	0	0	0
	2042	11	0	0	0	0	0	0	91	0	0	0
	2042	12	0	0	0	0	0	0	148	0	0	0
	2043	1	0	0	0	0	0	0	160	0	0	0
	2043	2	0	0	0	0	0	0	473	0	0	0
	2043	3	0	0	0	0	0	0	1986	0	0	0
	2043	4	0	0	0	0	0	0	799	0	0	0
	2043	5	0	0	0	0	0	0	121	0	0	0
	2043	6	0	0	0	0	0	0	332	0	0	0
	2043	7	0	0	0	0	0	0	326	0	0	0
	2043	8	0	0	0	0	0	0	247	0	0	0
	2043	9	0	0	0	0	0	0	82	0	0	0
	2043	10	0	0	0	0	0	0	98	0	0	0
	2043	11	0	0	0	0	0	0	331	0	0	0
	2043	12	0	0	0	0	0	0	1757	0	0	0
	2044	1	0	0	0	0	0	0	1884	0	0	0
	2044	2	0	0	0	0	0	0	2558	0	0	0
	2044	3	0	0	0	0	0	0	3177	0	0	0
	2044	4	0	0	0	0	0	0	1981	0	0	0
	2044	5	0	0	0	0	0	0	1079	0	0	0
	2044	6	0	0	0	0	0	0	221	0	0	0
	2044	7	0	0	0	0	0	0	1006	0	0	0
	2044	8	0	0	0	0	0	0	424	0	0	0
	2044	9	0	0	0	0	0	0	25	0	0	0
	2044	10	0	0	0	0	0	0	31	0	0	0
	2044	11	0	0	0	0	0	0	2565	0	0	0
	2044	12	0	0	0	0	0	0	742	0	0	0
	2045	1	0	0	0	0	0	0	340	0	0	0
	2045	2	0	0	0	0	0	0	453	0	0	0
	2045	3	0	0	0	0	0	0	1120	0	0	0
	2045	4	0	0	0	0	0	0	134	0	0	0
	2045	5	0	0	0	0	0	0	149	0	0	0
	2045	6	0	0	0	0	0	0	-52	0	0	0
	2045	7	0	0	0	0	0	0	24	0	0	0
	2045	8	0	0	0	0	0	0	709	0	0	0
	2045	9	0	0	0	0	0	0	-21	0	0	0
	2045	10	0	0	0	0	0	0	-7	0	0	0
	2045	11	0	0	0	0	0	0	4	0	0	0
	2045	12	0	0	0	0	0	0	74	0	0	0
	2046	1	0	0	0	0	0	0	568	0	0	0
	2046	2	0	0	0	0	0	0	210	0	0	0
	2046	3	0	0	0	0	0	0	333	0	0	0
	2046	4	0	0	0	0	0	0	159	0	0	0
	2046	5	0	0	0	0	0	0	-11	0	0	0
	2046	6	0	0	0	0	0	0	-66	0	0	0
	2046	7	0	0	0	0	0	0	-3	0	0	0
	2046	8	0	0	0	0	0	0	56	0	0	0
	2046	9	0	0	0	0	0	0	99	0	0	0
	2046	10	0	0	0	0	0	0	86	0	0	0
	2046	11	0	0	0	0	0	0	1	0	0	0
	2046	12	0	0	0	0	0	0	186	0	0	0
	2047	1	0	0	0	0	0	0	101	0	0	0
	2047	2	0	0	0	0	0	0	221	0	0	0
	2047	3	0	0	0	0	0	0	887	0	0	0
	2047	4	0	0	0	0	0	0	1114	0	0	0
	2047	5	0	0	0	0	0	0	223	0	0	0
	2047	6	0	0	0	0	0	0	81	0	0	0
	2047	7	0	0	0	0	0	0	174	0	0	0
	2047	8	0	0	0	0	0	0	252	0	0	0
	2047	9	0	0	0	0	0	0	1930	0	0	0
	2047	10	0	0	0	0	0	0	37	0	0	0
	2047	11	0	0	0	0	0	0	132	0	0	0
	2047	12	0	0	0	0	0	0	688	0	0	0
	2048	1	0	0	0	0	0	0	368	0	0	0
	2048	2	0	0	0	0	0	0	343	0	0	0
	2048	3	0	0	0	0	0	0	103	0	0	0
	2048	4	0	0	0	0	0	0	324	0	0	0
	2048	5	0	0	0	0	0	0	131	0	0	0
	2048	6	0	0	0	0	0	0	1259	0	0	0
	2048	7	0	0	0	0	0	0	516	0	0	0
	2048	8	0	0	0	0	0	0	16	0	0	0
	2048	9	0	0	0	0	0	0	294	0	0	0
	2048	10	0	0	0	0	0	0	78	0	0	0
	2048	11	0	0	0	0	0	0	18	0	0	0
	2048	12	0	0	0	0	0	0	107	0	0	0
	2049	1	0	0	0	0	0	0	110	0	0	0
	2049	2	0	0	0	0	0	0	237	0	0	0
	2049	3	0	0	0	0	0	0	621	0	0	0
	2049	4	0	0	0	0	0	0	404	0	0	0
	2049	5	0	0	0	0	0	0	342	0	0	0
	2049	6	0	0	0	0	0	0	-19	0	0	0
	2049	7	0	0	0	0	0	0	-8	0	0	0
	2049	8	0	0	0	0	0	0	-15	0	0	0
	2049	9	0	0	0	0	0	0	107	0	0	0
	2049	10	0	0	0	0	0	0	41	0	0	0
	2049	11	0	0	0	0	0	0	195	0	0	0
	2049	12	0	0	0	0	0	0	245	0	0	0
	2050	1	0	0	0	0	0	0	155	0	0	0
	2050	2	0	0	0	0	0	0	275	0	0	0
	2050	3	0	0	0	0	0	0	913	0	0	0
	2050	4	0	0	0	0	0	0	125	0	0	0
	2050	5	0	0	0	0	0	0	348	0	0	0
	2050	6	0	0	0	0	0	0	25	0	0	0
	2050	7	0	0	0	0	0	0	50	0	0	0
	2050	8	0	0	0	0	0	0	141	0	0	0
	2050	9	0	0	0	0	0	0	465	0	0	0
	2050	10	0	0	0	0	0	0	98	0	0	0
	2050	11	0	0	0	0	0	0	331	0	0	0
	2050	12	0	0	0	0	0	0	1757	0	0	0
	2051	1	0	0	0	0	0	0	1884	0	0	0
	2051	2	0	0	0	0	0	0	2558	0	0	0
	2051	3	0	0	0	0	0	0	3177	0	0	0
	2051	4	0	0	0	0	0	0	1981	0	0	0
	2051	5	0	0	0	0	0	0	1079	0	0	0
	2051	6	0	0	0	0	0	0	221	0	0	0
	2051	7	0	0	0	0	0	0	1006	0	0	0
	2051	8	0	0	0	0	0	0	424	0	0	0
	2051	9	0	0	0	0	0	0	25	0	0	0
	2051	10	0	0	0	0	0	0	1178	0	0	0
	2051	11	0	0	0	0	0	0	1295	0	0	0
	2051	12	0	0	0	0	0	0	700	0	0	0
	2052	1	0	0	0	0	0	0	1682	0	0	0
	2052	2	0	0	0	0	0	0	1341	0	0	0
	2052	3	0	0	0	0	0	0	1300	0	0	0
	2052	4	0	0	0	0	0	0	864	0	0	0
	2052	5	0	0	0	0	0	0	837	0	0	0
	2052	6	0	0	0	0	0	0	230	0	0	0
	2052	7	0	0	0	0	0	0	164	0	0	0
	2052	8	0	0	0	0	0	0	402	0	0	0
	2052	9	0	0	0	0	0	0	4153	0	0	0
	2052	10	0	0	0	0	0	0	183	0	0	0
	2052	11	0	0	0	0	0	0	585	0	0	0
	2052	12	0	0	0	0	0	0	707	0	0	0
	2053	1	0	0	0	0	0	0	857	0	0	0
	2053	2	0	0	0	0	0	0	636	0	0	0
	2053	3	0	0	0	0	0	0	1463	0	0	0
	2053	4	0	0	0	0	0	0	589	0	0	0
	2053	5	0	0	0	0	0	0	135	0	0	0
	2053	6	0	0	0	0	0	0	141	0	0	0
	2053	7	0	0	0	0	0	0	36	0	0	0
	2053	8	0	0	0	0	0	0	17	0	0	0
	2053	9	0	0	0	0	0	0	-56	0	0	0
	2053	10	0	0	0	0	0	0	37	0	0	0
	2053	11	0	0	0	0	0	0	132	0	0	0
	2053	12	0	0	0	0	0	0	688	0	0	0
	2054	1	0	0	0	0	0	0	368	0	0	0
	2054	2	0	0	0	0	0	0	343	0	0	0
	2054	3	0	0	0	0	0	0	103	0	0	0
	2054	4	0	0	0	0	0	0	324	0	0	0
	2054	5	0	0	0	0	0	0	131	0	0	0
	2054	6	0	0	0	0	0	0	1259	0	0	0
	2054	7	0	0	0	0	0	0	516	0	0	0
	2054	8	0	0	0	0	0	0	16	0	0	0
	2054	9	0	0	0	0	0	0	294	0	0	0
	2054	10	0	0	0	0	0	0	189	0	0	0
	2054	11	0	0	0	0	0	0	268	0	0	0
	2054	12	0	0	0	0	0	0	1092	0	0	0
	2055	1	0	0	0	0	0	0	240	0	0	0
	2055	2	0	0	0	0	0	0	961	0	0	0
	2055	3	0	0	0	0	0	0	403	0	0	0
	2055	4	0	0	0	0	0	0	479	0	0	0
	2055	5	0	0	0	0	0	0	289	0	0	0
	2055	6	0	0	0	0	0	0	67	0	0	0
	2055	7	0	0	0	0	0	0	179	0	0	0
	2055	8	0	0	0	0	0	0	995	0	0	0
	2055	9	0	0	0	0	0	0	535	0	0	0
	2055	10	0	0	0	0	0	0	78	0	0	0
	2055	11	0	0	0	0	0	0	18	0	0	0
	2055	12	0	0	0	0	0	0	107	0	0	0
	2056	1	0	0	0	0	0	0	110	0	0	0
	2056	2	0	0	0	0	0	0	237	0	0	0
	2056	3	0	0	0	0	0	0	621	0	0	0
	2056	4	0	0	0	0	0	0	404	0	0	0
	2056	5	0	0	0	0	0	0	342	0	0	0
	2056	6	0	0	0	0	0	0	-19	0	0	0
	2056	7	0	0	0	0	0	0	-8	0	0	0
	2056	8	0	0	0	0	0	0	-15	0	0	0
	2056	9	0	0	0	0	0	0	107	0	0	0
	2056	10	0	0	0	0	0	0	501	0	0	0
	2056	11	0	0	0	0	0	0	140	0	0	0
	2056	12	0	0	0	0	0	0	613	0	0	0 
  2057	1	0	0	0	0	0	0	110	0	0	0
	2057	2	0	0	0	0	0	0	237	0	0	0
	2057	3	0	0	0	0	0	0	621	0	0	0
	2057	4	0	0	0	0	0	0	404	0	0	0
	2057	5	0	0	0	0	0	0	342	0	0	0
	2057	6	0	0	0	0	0	0	-19	0	0	0
	2057	7	0	0	0	0	0	0	-8	0	0	0
	2057	8	0	0	0	0	0	0	-15	0	0	0
	2057	9	0	0	0	0	0	0	107	0	0	0
	2057	10	0	0	0	0	0	0	501	0	0	0
	2057	11	0	0	0	0	0	0	140	0	0	0
	2057	12	0	0	0	0	0	0	613	0	0	0
  2058	1	0	0	0	0	0	0	110	0	0	0
	2058	2	0	0	0	0	0	0	237	0	0	0
	2058	3	0	0	0	0	0	0	621	0	0	0
	2058	4	0	0	0	0	0	0	404	0	0	0
	2058	5	0	0	0	0	0	0	342	0	0	0
	2058	6	0	0	0	0	0	0	-19	0	0	0
	2058	7	0	0	0	0	0	0	-8	0	0	0
	2058	8	0	0	0	0	0	0	-15	0	0	0
	2058	9	0	0	0	0	0	0	107	0	0	0
	2058	10	0	0	0	0	0	0	501	0	0	0
	2058	11	0	0	0	0	0	0	140	0	0	0
	2058	12	0	0	0	0	0	0	613	0	0	0
  2059	1	0	0	0	0	0	0	110	0	0	0
	2059	2	0	0	0	0	0	0	237	0	0	0
	2059	3	0	0	0	0	0	0	621	0	0	0
	2059	4	0	0	0	0	0	0	404	0	0	0
	2059	5	0	0	0	0	0	0	342	0	0	0
	2059	6	0	0	0	0	0	0	-19	0	0	0
	2059	7	0	0	0	0	0	0	-8	0	0	0
	2059	8	0	0	0	0	0	0	-15	0	0	0
	2059	9	0	0	0	0	0	0	107	0	0	0
	2059	10	0	0	0	0	0	0	501	0	0	0
	2059	11	0	0	0	0	0	0	140	0	0	0
	2059	12	0	0	0	0	0	0	613	0	0	0
  2060	1	0	0	0	0	0	0	110	0	0	0
	2060	2	0	0	0	0	0	0	237	0	0	0
	2060	3	0	0	0	0	0	0	621	0	0	0
	2060	4	0	0	0	0	0	0	404	0	0	0
	2060	5	0	0	0	0	0	0	342	0	0	0
	2060	6	0	0	0	0	0	0	-19	0	0	0
	2060	7	0	0	0	0	0	0	-8	0	0	0
	2060	8	0	0	0	0	0	0	-15	0	0	0
	2060	9	0	0	0	0	0	0	107	0	0	0
	2060	10	0	0	0	0	0	0	501	0	0	0
	2060	11	0	0	0	0	0	0	140	0	0	0
	2060	12	0	0	0	0	0	0	613	0	0	0
  2061	1	0	0	0	0	0	0	110	0	0	0
	2061	2	0	0	0	0	0	0	237	0	0	0
	2061	3	0	0	0	0	0	0	621	0	0	0
	2061	4	0	0	0	0	0	0	404	0	0	0
	2061	5	0	0	0	0	0	0	342	0	0	0
	2061	6	0	0	0	0	0	0	-19	0	0	0
	2061	7	0	0	0	0	0	0	-8	0	0	0
	2061	8	0	0	0	0	0	0	-15	0	0	0
	2061	9	0	0	0	0	0	0	107	0	0	0
	2061	10	0	0	0	0	0	0	501	0	0	0
	2061	11	0	0	0	0	0	0	140	0	0	0
	2061	12	0	0	0	0	0	0	613	0	0	0
  2062	1	0	0	0	0	0	0	110	0	0	0
	2062	2	0	0	0	0	0	0	237	0	0	0
	2062	3	0	0	0	0	0	0	621	0	0	0
	2062	4	0	0	0	0	0	0	404	0	0	0
	2062	5	0	0	0	0	0	0	342	0	0	0
	2062	6	0	0	0	0	0	0	-19	0	0	0
	2062	7	0	0	0	0	0	0	-8	0	0	0
	2062	8	0	0	0	0	0	0	-15	0	0	0
	2062	9	0	0	0	0	0	0	107	0	0	0
	2062	10	0	0	0	0	0	0	501	0	0	0
	2062	11	0	0	0	0	0	0	140	0	0	0
	2062	12	0	0	0	0	0	0	613	0	0	0
  2063	1	0	0	0	0	0	0	110	0	0	0
	2063	2	0	0	0	0	0	0	237	0	0	0
	2063	3	0	0	0	0	0	0	621	0	0	0
	2063	4	0	0	0	0	0	0	404	0	0	0
	2063	5	0	0	0	0	0	0	342	0	0	0
	2063	6	0	0	0	0	0	0	-19	0	0	0
	2063	7	0	0	0	0	0	0	-8	0	0	0
	2063	8	0	0	0	0	0	0	-15	0	0	0
	2063	9	0	0	0	0	0	0	107	0	0	0
	2063	10	0	0	0	0	0	0	501	0	0	0
	2063	11	0	0	0	0	0	0	140	0	0	0
	2063	12	0	0	0	0	0	0	613	0	0	0