-1.0 63828 170415
0.0 63828 151951.0
1.0 64028 304414.89166666666
2.0 64229 457904.56666666665
3.0 64429 612420.0249999999
4.0 64629 767961.2666666667
5.0 64830 924528.2916666667
6.0 65030 1082121.1
7.0 65230 1240739.6916666667
8.0 65431 1400384.0666666667
9.0 65631 1561054.2249999999
10.0 65831 1722750.1666666665
11.0 66032 1885471.8916666666
12.0 66232 2049219.4000000001
13.0 66432 2213992.691666667
14.0 66633 2379791.7666666666
15.0 66833 2546616.625
16.0 67033 2714467.2666666666
17.0 67234 2883343.6916666664
18.0 67434 3053245.9
19.0 67634 3224173.8916666666
20.0 67835 3396127.666666667
21.0 68035 3569107.225
22.0 68236 3743112.566666667
23.0 68436 3918143.6916666664
24.0 68636 4094200.5999999996
25.0 68837 4271283.291666666
26.0 69037 4449391.766666668
27.0 69237 4628526.025
28.0 69438 4808686.066666666
29.0 69638 4989871.891666667
30.0 69838 5172083.5
31.0 70039 5355320.891666667
32.0 70239 5539584.066666666
33.0 70439 5724873.024999999
34.0 70640 5911187.766666666
35.0 70840 6098528.291666667
36.0 71040 6286894.600000001
37.0 71241 6476286.691666666
38.0 71441 6666704.566666666
39.0 71641 6858148.225
40.0 71842 7050617.666666666
41.0 72042 7244112.891666668
42.0 72242 7438633.9
43.0 72443 7634180.691666667
44.0 72643 7830753.266666667
45.0 72844 8028351.625
46.0 73044 8226975.766666667
47.0 73244 8426625.691666666
48.0 73445 8627301.399999999
49.0 73645 8829002.891666666
50.0 73845 9031730.166666668
51.0 74046 9235483.225
52.0 74246 9440262.066666666
53.0 74446 9646066.691666666
54.0 74647 9852897.1
55.0 74847 1.0060753291666666E7
56.0 75047 1.0269635266666668E7
57.0 75248 1.0479543025E7
58.0 75448 1.0690476566666666E7
59.0 75648 1.0902435891666668E7
60.0 75849 1.1115421E7
61.0 76049 1.1329431891666666E7
62.0 76249 1.1544468566666666E7
63.0 76450 1.1760531024999999E7
64.0 76650 1.1977619266666666E7
65.0 76850 1.2195733291666666E7
66.0 77051 1.24148731E7
67.0 77251 1.2635038691666666E7
68.0 77452 1.2856230066666666E7
69.0 77652 1.3078447225E7
70.0 77852 1.3301690166666668E7
71.0 78053 1.3525958891666668E7
72.0 78253 1.37512534E7
73.0 78453 1.3977573691666666E7
74.0 78654 1.4204919766666668E7
75.0 78854 1.4433291625E7
76.0 79054 1.4662689266666666E7
77.0 79255 1.4893112691666666E7
78.0 79455 1.5124561899999999E7
79.0 79655 1.5357036891666666E7
80.0 79856 1.5590537666666664E7
81.0 80056 1.5825064225E7
82.0 80256 1.6060616566666666E7
83.0 80457 1.6297194691666666E7
84.0 80657 1.65347986E7
85.0 80857 1.6773428291666668E7
86.0 81058 1.701308376666667E7
87.0 81258 1.7253765025000002E7
88.0 81459 1.7495472066666666E7
89.0 81659 1.7738204891666666E7
90.0 81859 1.79819635E7
91.0 82060 1.8226747891666666E7
92.0 82260 1.8472558066666666E7
93.0 82460 1.8719394025E7
94.0 82661 1.8967255766666666E7
95.0 82861 1.9216143291666664E7
96.0 83061 1.94660566E7
97.0 83262 1.9716995691666666E7
98.0 83462 1.9968960566666666E7
99.0 83662 2.0221951224999998E7
100.0 83863 2.0475967666666668E7
101.0 84063 2.073100989166667E7
102.0 84263 2.0987077900000002E7
103.0 84464 2.1244171691666666E7
104.0 84664 2.1502291266666666E7
105.0 84864 2.1761436625E7
106.0 85065 2.2021607766666666E7
107.0 85265 2.2282804691666666E7
108.0 85465 2.25450274E7
109.0 85666 2.2808275891666666E7
110.0 85866 2.3072550166666664E7
111.0 86067 2.3337850225E7
112.0 86267 2.3604176066666666E7
113.0 86467 2.3871527691666666E7
114.0 86668 2.4139905099999998E7
115.0 86868 2.4409308291666668E7
116.0 87068 2.467973726666667E7
117.0 87269 2.4951192025000002E7
118.0 87469 2.5223672566666666E7
119.0 87669 2.5497178891666666E7
120.0 88526 213498.0
121.0 88865 427855.225
122.0 89203 643930.9
123.0 89541 861725.0249999999
124.0 89879 1081237.6
125.0 90218 1302468.625
126.0 90556 1525418.1
127.0 90894 1750086.0250000001
128.0 91233 1976472.4
129.0 91571 2204577.2249999996
130.0 91909 2434400.5
131.0 92247 2665942.225
132.0 92586 2899202.4000000004
133.0 92924 3134181.025
134.0 93262 3370878.1
135.0 93600 3609293.625
136.0 93939 3849427.6
137.0 94277 4091280.0250000004
138.0 94615 4334850.9
139.0 94954 4580140.225
140.0 95292 4827148.0
141.0 95630 5075874.225000001
142.0 95968 5326318.9
143.0 96307 5578482.024999999
144.0 96645 5832363.6
145.0 96983 6087963.625
146.0 97322 6345282.100000001
147.0 97660 6604319.025
148.0 97998 6865074.399999999
149.0 98336 7127548.225
150.0 98675 7391740.5
151.0 99013 7657651.225000001
152.0 99351 7925280.4
153.0 99689 8194628.024999999
154.0 100028 8465694.1
155.0 100366 8738478.625
156.0 100704 9012981.6
157.0 101043 9289203.025
158.0 101381 9567142.9
159.0 101719 9846801.225
160.0 102057 1.0128178E7
161.0 102396 1.0411273225E7
162.0 102734 1.06960869E7
163.0 103072 1.0982619025E7
164.0 103411 1.12708696E7
165.0 103749 1.1560838625E7
166.0 104087 1.18525261E7
167.0 104425 1.2145932025E7
168.0 104764 1.2441056399999999E7
169.0 105102 1.2737899225E7
170.0 105440 1.30364605E7
171.0 105778 1.3336740225E7
172.0 106117 1.36387384E7
173.0 106455 1.3942455024999999E7
174.0 106793 1.42478901E7
175.0 107132 1.4555043625E7
176.0 107470 1.48639156E7
177.0 107808 1.5174506025E7
178.0 108146 1.5486814899999999E7
179.0 108485 1.5800842225000001E7
180.0 108823 1.6116588E7
181.0 109161 1.6434052224999998E7
182.0 109500 1.67532349E7
183.0 109838 1.7074136025E7
184.0 110176 1.73967556E7
185.0 110514 1.7721093625E7
186.0 110853 1.8047150099999998E7
187.0 111191 1.8374925025000002E7
188.0 111529 1.87044184E7
189.0 111867 1.9035630225E7
190.0 112206 1.93685605E7
191.0 112544 1.9703209224999998E7
192.0 112882 2.0039576400000002E7
193.0 113221 2.0377662025E7
194.0 113559 2.07174661E7
195.0 113897 2.1058988625E7
196.0 114235 2.1402229599999998E7
197.0 114574 2.1747189025000002E7
198.0 114912 2.20938669E7
199.0 115250 2.2442263225E7
200.0 115589 2.2792378E7
201.0 115927 2.3144211224999998E7
202.0 116265 2.3497762900000002E7
203.0 116603 2.3853033025E7
204.0 116942 2.42100216E7
205.0 117280 2.4568728625E7
206.0 117618 2.4929154099999998E7
207.0 117956 2.5291298025000002E7
208.0 118295 2.56551604E7
209.0 118633 2.6020741225E7
210.0 118971 2.63880405E7
211.0 119310 2.6757058224999998E7
212.0 119648 2.7127794400000002E7
213.0 119986 2.7500249025E7
214.0 120324 2.78744221E7
215.0 120663 2.8250313625E7
216.0 121001 2.8627923599999998E7
217.0 121339 2.9007252025000002E7
218.0 121678 2.93882989E7
219.0 122016 2.9771064225E7
220.0 122354 3.0155548E7
221.0 122692 3.0541750224999998E7
222.0 123031 3.0929670900000002E7
223.0 123369 3.1319310025E7
224.0 123707 3.17106676E7
225.0 124045 3.2103743625E7
226.0 124384 3.2498538099999998E7
227.0 124722 3.2895051025000002E7
228.0 125060 3.32932824E7
229.0 125399 3.3693232225E7
230.0 125737 3.40949005E7
231.0 126075 3.4498287224999994E7
232.0 126413 3.49033924E7
233.0 126752 3.5310216025E7
234.0 127090 3.57187581E7
235.0 127428 3.6129018625E7
236.0 127767 3.6540997599999994E7
237.0 128105 3.6954695025E7
238.0 128443 3.73701109E7
239.0 128781 3.7787245225E7
240.0 128781 316605.0
241.0 129325 634598.7333333334
242.0 129870 955369.9333333333
243.0 130415 1278918.6
244.0 130959 1605244.7333333334
245.0 131504 1934348.3333333335
246.0 132048 2266229.4000000004
247.0 132593 2600887.9333333336
248.0 133138 2938323.933333333
249.0 133682 3278537.4
250.0 134227 3621528.333333333
251.0 134771 3967296.7333333334
252.0 135316 4315842.6
253.0 135861 4667165.933333334
254.0 136405 5021266.733333333
255.0 136950 5378145.0
256.0 137494 5737800.733333333
257.0 138039 6100233.933333334
258.0 138584 6465444.600000001
259.0 139128 6833432.733333333
260.0 139673 7204198.333333334
261.0 140217 7577741.4
262.0 140762 7954061.933333333
263.0 141307 8333159.933333334
264.0 141851 8715035.399999999
265.0 142396 9099688.333333332
266.0 142940 9487118.733333332
267.0 143485 9877326.6
268.0 144030 1.0270311933333334E7
269.0 144574 1.0666074733333332E7
270.0 145119 1.1064615E7
271.0 145663 1.1465932733333334E7
272.0 146208 1.1870027933333334E7
273.0 146753 1.22769006E7
274.0 147297 1.2686550733333334E7
275.0 147842 1.3098978333333334E7
276.0 148386 1.35141834E7
277.0 148931 1.3932165933333334E7
278.0 149476 1.4352925933333332E7
279.0 150020 1.4776463399999999E7
280.0 150565 1.5202778333333332E7
281.0 151109 1.5631870733333332E7
282.0 151654 1.60637406E7
283.0 152199 1.6498387933333334E7
284.0 152743 1.6935812733333334E7
285.0 153288 1.7376015E7
286.0 153832 1.7818994733333334E7
287.0 154377 1.8264751933333334E7
288.0 154922 1.87132866E7
289.0 155466 1.9164598733333334E7
290.0 156011 1.9618688333333336E7
291.0 156555 2.0075555400000002E7
292.0 157100 2.053519993333333E7
293.0 157645 2.0997621933333334E7
294.0 158189 2.14628214E7
295.0 158734 2.1930798333333332E7
296.0 159278 2.2401552733333334E7
297.0 159823 2.2875084599999998E7
298.0 160368 2.3351393933333334E7
299.0 160912 2.3830480733333334E7
300.0 161457 2.4312345E7
301.0 162002 2.4796986733333334E7
302.0 162546 2.5284405933333334E7
303.0 163091 2.57746026E7
304.0 163635 2.6267576733333334E7
305.0 164180 2.6763328333333332E7
306.0 164725 2.7261857400000002E7
307.0 165269 2.776316393333333E7
308.0 165814 2.8267247933333337E7
309.0 166358 2.87741094E7
310.0 166903 2.9283748333333336E7
311.0 167448 2.979616473333333E7
312.0 167992 3.0311358599999998E7
313.0 168537 3.0829329933333334E7
314.0 169081 3.1350078733333334E7
315.0 169626 3.1873605E7
316.0 170171 3.2399908733333334E7
317.0 170715 3.2928989933333334E7
318.0 171260 3.34608486E7
319.0 171804 3.3995484733333334E7
320.0 172349 3.453289833333333E7
321.0 172894 3.50730894E7
322.0 173438 3.561605793333333E7
323.0 173983 3.616180393333334E7
324.0 174527 3.67103274E7
325.0 175072 3.7261628333333336E7
326.0 175617 3.7815706733333334E7
327.0 176161 3.83725626E7
328.0 176706 3.893219593333333E7
329.0 177250 3.9494606733333334E7
330.0 177795 4.0059795E7
331.0 178340 4.0627760733333334E7
332.0 178884 4.119850393333334E7
333.0 179429 4.17720246E7
334.0 179973 4.2348322733333334E7
335.0 180518 4.292739833333333E7
336.0 181063 4.3509251400000006E7
337.0 181607 4.409388193333333E7
338.0 182152 4.468128993333334E7
339.0 182696 4.52714754E7
340.0 183241 4.5864438333333336E7
341.0 183786 4.6460178733333334E7
342.0 184330 4.70586966E7
343.0 184875 4.765999193333333E7
344.0 185419 4.8264064733333334E7
345.0 185964 4.8870915E7
346.0 186509 4.9480542733333334E7
347.0 187053 5.009294793333334E7
348.0 187598 5.07081306E7
349.0 188142 5.1326090733333334E7
350.0 188687 5.194682833333333E7
351.0 189232 5.2570343400000006E7
352.0 189776 5.319663593333333E7
353.0 190321 5.382570593333334E7
354.0 190865 5.44575534E7
355.0 191410 5.5092178333333336E7
356.0 191955 5.5729580733333334E7
357.0 192499 5.63697606E7
358.0 193044 5.701271793333333E7
359.0 193588 5.7658452733333334E7
360.0 194133 483253.0
361.0 194640 967800.0916666667
362.0 195148 1454935.3666666667
363.0 195655 1944658.8250000002
364.0 196163 2436970.466666667
365.0 196670 2931870.2916666665
366.0 197178 3429358.3
367.0 197685 3929434.4916666667
368.0 198193 4432098.866666667
369.0 198700 4937351.425
370.0 199208 5445192.166666667
371.0 199715 5955621.091666667
372.0 200223 6468638.199999999
373.0 200730 6984243.491666666
374.0 201238 7502436.966666667
375.0 201745 8023218.625
376.0 202253 8546588.466666667
377.0 202760 9072546.491666667
378.0 203268 9601092.700000001
379.0 203775 1.0132227091666667E7
380.0 204283 1.0665949666666666E7
381.0 204790 1.1202260424999999E7
382.0 205298 1.1741159366666667E7
383.0 205805 1.2282646491666667E7
384.0 206313 1.28267218E7
385.0 206820 1.3373385291666668E7
386.0 207328 1.3922636966666665E7
387.0 207835 1.4474476825E7
388.0 208343 1.5028904866666667E7
389.0 208850 1.5585921091666667E7
390.0 209358 1.61455255E7
391.0 209865 1.6707718091666667E7
392.0 210373 1.7272498866666667E7
393.0 210880 1.7839867825E7
394.0 211388 1.840982496666667E7
395.0 211895 1.8982370291666668E7
396.0 212403 1.95575038E7
397.0 212910 2.0135225491666667E7
398.0 213417 2.0715535366666663E7
399.0 213925 2.1298433424999997E7
400.0 214432 2.1883919666666664E7
401.0 214940 2.2471994091666665E7
402.0 215447 2.30626567E7
403.0 215955 2.3655907491666667E7
404.0 216462 2.4251746466666665E7
405.0 216970 2.4850173625E7
406.0 217477 2.545118896666667E7
407.0 217985 2.6054792491666667E7
408.0 218492 2.6660984200000003E7
409.0 219000 2.726976409166667E7
410.0 219507 2.7881132166666668E7
411.0 220015 2.8495088425E7
412.0 220522 2.9111632866666663E7
413.0 221030 2.973076549166667E7
414.0 221537 3.0352486299999997E7
415.0 222045 3.0976795291666664E7
416.0 222552 3.1603692466666665E7
417.0 223060 3.2233177825E7
418.0 223567 3.2865251366666667E7
419.0 224075 3.3499913091666665E7
420.0 224582 3.4137163E7
421.0 225090 3.477700109166667E7
422.0 225597 3.541942736666667E7
423.0 226105 3.6064441825E7
424.0 226612 3.671204446666667E7
425.0 227120 3.736223529166667E7
426.0 227627 3.8015014300000004E7
427.0 228135 3.867038149166666E7
428.0 228642 3.9328336866666675E7
429.0 229150 3.9988880425E7
430.0 229657 4.0652012166666664E7
431.0 230165 4.131773209166666E7
432.0 230672 4.1986040199999996E7
433.0 231180 4.265693649166667E7
434.0 231687 4.333042096666667E7
435.0 232195 4.4006493625E7
436.0 232702 4.468515446666667E7
437.0 233209 4.536640349166667E7
438.0 233717 4.60502407E7
439.0 234224 4.673666609166667E7
440.0 234732 4.742567966666667E7
441.0 235239 4.8117281425000004E7
442.0 235747 4.881147136666666E7
443.0 236254 4.9508249491666675E7
444.0 236762 5.02076158E7
445.0 237269 5.0909570291666664E7
446.0 237777 5.161411296666666E7
447.0 238284 5.2321243824999996E7
448.0 238792 5.303096286666667E7
449.0 239299 5.374327009166667E7
450.0 239807 5.44581655E7
451.0 240314 5.517564909166667E7
452.0 240822 5.589572086666667E7
453.0 241329 5.6618380825E7
454.0 241837 5.734362896666667E7
455.0 242344 5.807146529166667E7
456.0 242852 5.8801889800000004E7
457.0 243359 5.953490249166666E7
458.0 243867 6.0270503366666675E7
459.0 244374 6.1008692425E7
460.0 244882 6.1749469666666664E7
461.0 245389 6.249283509166666E7
462.0 245897 6.3238788699999996E7
463.0 246404 6.398733049166667E7
464.0 246912 6.473846046666667E7
465.0 247419 6.5492178625E7
466.0 247927 6.624848496666667E7
467.0 248434 6.700737949166667E7
468.0 248942 6.77688622E7
469.0 249449 6.853293309166667E7
470.0 249957 6.929959216666666E7
471.0 250464 7.006883942500001E7
472.0 250972 7.084067486666666E7
473.0 251479 7.161509849166667E7
474.0 251986 7.23921103E7
475.0 252494 7.317171029166667E7
476.0 253001 7.395389846666667E7
477.0 253509 7.4738674825E7
478.0 254016 7.552603936666666E7
479.0 254524 7.631599209166667E7
480.0 255031 638544.0
481.0 255556 1278426.3166666667
482.0 256081 1920985.2666666666
483.0 256606 2566220.8499999996
484.0 257131 3214133.066666667
485.0 257656 3864721.916666667
486.0 258180 4517987.4
487.0 258705 5173929.516666667
488.0 259230 5832548.266666667
489.0 259755 6493843.649999999
490.0 260280 7157815.666666666
491.0 260805 7824464.316666666
492.0 261329 8493789.600000001
493.0 261854 9165791.516666668
494.0 262379 9840470.066666666
495.0 262904 1.051782525E7
496.0 263429 1.1197857066666666E7
497.0 263954 1.1880565516666666E7
498.0 264478 1.25659506E7
499.0 265003 1.3254012316666668E7
500.0 265528 1.3944750666666668E7
501.0 266053 1.463816565E7
502.0 266578 1.5334257266666668E7
503.0 267103 1.6033025516666666E7
504.0 267627 1.6734470399999999E7
505.0 268152 1.7438591916666664E7
506.0 268677 1.814539006666667E7
507.0 269202 1.885486485E7
508.0 269727 1.9567016266666666E7
509.0 270251 2.0281844316666666E7
510.0 270776 2.0999349E7
511.0 271301 2.1719530316666666E7
512.0 271826 2.2442388266666666E7
513.0 272351 2.3167922849999998E7
514.0 272876 2.3896134066666663E7
515.0 273400 2.4627021916666668E7
516.0 273925 2.5360586400000002E7
517.0 274450 2.6096827516666666E7
518.0 274975 2.6835745266666666E7
519.0 275500 2.757733965E7
520.0 276025 2.8321610666666664E7
521.0 276549 2.906855831666667E7
522.0 277074 2.98181826E7
523.0 277599 3.057048351666667E7
524.0 278124 3.1325461066666666E7
525.0 278649 3.208311525E7
526.0 279174 3.2843446066666666E7
527.0 279698 3.3606453516666666E7
528.0 280223 3.4372137599999994E7
529.0 280748 3.514049831666666E7
530.0 281273 3.591153566666667E7
531.0 281798 3.668524965E7
532.0 282323 3.7461640266666666E7
533.0 282847 3.8240707516666666E7
534.0 283372 3.90224514E7
535.0 283897 3.9806871916666664E7
536.0 284422 4.059396906666667E7
537.0 284947 4.138374285E7
538.0 285472 4.2176193266666666E7
539.0 285996 4.297132031666667E7
540.0 286521 4.3769124E7
541.0 287046 4.456960431666666E7
542.0 287571 4.5372761266666666E7
543.0 288096 4.6178594849999994E7
544.0 288621 4.698710506666666E7
545.0 289145 4.779829191666667E7
546.0 289670 4.86121554E7
547.0 290195 4.9428695516666666E7
548.0 290720 5.0247912266666666E7
549.0 291245 5.106980565E7
550.0 291770 5.1894375666666664E7
551.0 292294 5.272162231666667E7
552.0 292819 5.35515456E7
553.0 293344 5.4384145516666666E7
554.0 293869 5.521942206666667E7
555.0 294394 5.605737525E7
556.0 294918 5.689800506666666E7
557.0 295443 5.7741311516666666E7
558.0 295968 5.8587294599999994E7
559.0 296493 5.943595431666666E7
560.0 297018 6.028729066666667E7
561.0 297543 6.114130365E7
562.0 298067 6.1997993266666666E7
563.0 298592 6.2857359516666666E7
564.0 299117 6.37194024E7
565.0 299642 6.4584121916666664E7
566.0 300167 6.545151806666667E7
567.0 300692 6.632159085E7
568.0 301216 6.719434026666667E7
569.0 301741 6.806976631666666E7
570.0 302266 6.8947869E7
571.0 302791 6.982864831666666E7
572.0 303316 7.071210426666667E7
573.0 303841 7.159823685E7
574.0 304365 7.248704606666666E7
575.0 304890 7.337853191666667E7
576.0 305415 7.42726944E7
577.0 305940 7.516953351666667E7
578.0 306465 7.606904926666667E7
579.0 306990 7.697124164999999E7
580.0 307514 7.787611066666667E7
581.0 308039 7.878365631666668E7
582.0 308564 7.969387860000001E7
583.0 309089 8.060677751666667E7
584.0 309614 8.152235306666666E7
585.0 310139 8.244060525E7
586.0 310663 8.336153406666666E7
587.0 311188 8.428513951666667E7
588.0 311713 8.52114216E7
589.0 312238 8.614038031666666E7
590.0 312763 8.707201566666666E7
591.0 313288 8.800632765E7
592.0 313812 8.894331626666667E7
593.0 314337 8.988298151666667E7
594.0 314862 9.082532339999999E7
595.0 315387 9.177034191666667E7
596.0 315912 9.271803706666668E7
597.0 316437 9.366840885000001E7
598.0 316961 9.462145726666667E7
599.0 317486 9.557718231666666E7
