Flow 	 Preci 	 Evatr
816.0	2.03	0.97
2394.0	5.09	3.75
3144.0	7.49	6.64
2366.0	4.49	4.02
1499.0	6.44	1.67
357.0	2.67	4.25
71.0	1.67	1.01
59.0	2.25	4.11
-35.0	7.25	16.67
98.0	4.48	3.46
331.0	4.8	2.26
1757.0	6.47	6.19
1884.0	4.64	5.52
2558.0	5.2	4.64
3177.0	7.66	6.85
1981.0	4.48	3.45
1079.0	6.02	7.84
221.0	2.04	4.78
1006.0	9.82	13.04
424.0	2.12	1.01
25.0	0.55	1.64
76.0	2.93	0.78
53.0	1.35	3.3
339.0	2.67	2.9
1039.0	4.61	3.84
2497.0	5.37	3.34
386.0	1.39	1.3
87.0	0.46	0.2
248.0	4.79	2.68
-4.0	2.23	2.08
103.0	4.68	3.34
566.0	6.39	5.56
101.0	0.33	0.32
31.0	2.85	2.04
2565.0	9.97	3.82
742.0	1.39	0.7
340.0	1.32	0.54
453.0	1.87	0.03
1120.0	2.98	0.0
134.0	1.1	0.18
149.0	2.73	5.76
-52.0	0.84	2.77
24.0	4.2	2.48
709.0	6.99	13.27
-21.0	0.53	0.62
-38.0	2.0	2.34
63.0	3.26	2.47
610.0	4.1	4.52
1919.0	5.88	11.23
1908.0	4.23	4.98
2274.0	4.54	4.01
1776.0	5.46	7.38
305.0	3.08	1.51
103.0	2.48	1.48
31.0	2.58	6.79
-35.0	2.71	4.48
194.0	5.83	6.68
-6.0	2.65	2.2
79.0	2.48	4.12
241.0	3.86	3.45
784.0	3.35	2.03
607.0	2.24	2.5
259.0	2.09	2.48
400.0	3.48	2.02
229.0	4.97	1.67
48.0	2.43	9.58
11.0	3.23	3.47
-3.0	4.12	1.8
85.0	4.79	1.8
172.0	4.14	1.9
558.0	3.85	2.71
148.0	0.76	1.18
340.0	1.7	0.67
2218.0	5.91	0.59
3239.0	7.06	6.39
1743.0	5.61	7.17
1457.0	4.42	1.39
723.0	6.62	0.47
981.0	7.3	0.0
1151.0	6.3	0.56
239.0	3.96	0.0
904.0	4.91	0.04
622.0	3.09	0.1
1247.0	3.12	0.0
1310.0	3.93	0.0
2029.0	4.32	0.1
1079.0	4.17	0.0
1409.0	4.42	1.1
1565.0	6.95	4.06
195.0	1.14	0.0
57.0	3.67	10.38
163.0	4.67	6.64
-53.0	0.46	0.1
501.0	8.16	2.26
140.0	2.08	1.48
613.0	3.78	0.44
2084.0	5.15	0.0
347.0	1.31	0.0
1728.0	5.94	0.0
529.0	2.63	0.66
219.0	2.72	2.06
62.0	2.03	3.02
59.0	5.35	1.0
25.0	3.13	0.32
146.0	4.96	1.84
18.0	1.93	0.12
36.0	0.98	0.12
123.0	2.73	0.0
1174.0	4.84	3.84
575.0	2.45	3.34
978.0	3.77	1.3
497.0	2.4	0.2
148.0	3.23	2.68
325.0	4.67	2.08
198.0	3.98	3.34
119.0	4.19	5.56
72.0	2.35	0.32
136.0	4.54	2.04
747.0	5.08	3.82
724.0	2.84	0.7
1868.0	5.13	2.03
792.0	2.66	2.5
3718.0	7.57	2.48
2403.0	4.99	2.02
321.0	4.32	1.67
20.0	1.65	9.58
0.0	3.22	3.47
-16.0	2.2	1.8
5.0	2.68	1.8
28.0	3.27	1.9
136.0	3.6	2.71
398.0	3.69	1.18
784.0	3.99	3.18
1213.0	3.31	2.54
2704.0	6.9	1.85
508.0	2.57	5.49
115.0	2.22	4.92
55.0	2.7	9.64
201.0	5.66	2.25
136.0	3.91	2.13
-19.0	1.49	2.75
190.0	3.65	3.42
83.0	2.38	6.25
58.0	2.38	3.41
843.0	4.25	0.0
1406.0	3.82	0.1
1187.0	3.13	0.0
102.0	1.18	1.1
156.0	3.66	4.06
1935.0	11.0	0.0
496.0	3.97	10.38
153.0	3.23	6.64
13.0	1.73	0.1
1178.0	8.27	2.26
1295.0	4.77	1.48
700.0	1.84	0.44
1682.0	3.83	4.52
1341.0	2.33	1.92
1300.0	4.1	3.0
864.0	3.63	2.75
837.0	5.03	0.0
230.0	1.89	2.29
164.0	3.5	3.27
402.0	5.28	6.28
4153.0	13.24	2.16
819.0	2.91	0.0
597.0	3.32	2.2
1331.0	3.82	1.15
1151.0	3.56	0.0
1533.0	2.89	0.0
1089.0	1.92	0.0
1712.0	5.65	0.66
376.0	1.38	2.06
371.0	3.63	3.02
273.0	4.26	1.0
-47.0	1.31	0.32
37.0	3.77	1.84
47.0	2.67	0.12
285.0	3.66	0.12
312.0	2.66	0.0
3006.0	7.91	0.85
3393.0	5.13	2.41
4393.0	8.37	3.59
959.0	3.74	3.89
373.0	3.95	2.79
114.0	2.36	2.61
28.0	2.83	3.24
31.0	3.07	3.34
80.0	3.82	6.91
37.0	2.99	1.36
57.0	2.19	3.3
278.0	4.75	2.96
1598.0	5.51	2.32
480.0	1.9	1.46
919.0	3.0	5.51
859.0	4.87	1.09
214.0	1.22	3.78
110.0	3.28	6.78
34.0	3.28	3.29
201.0	3.48	2.15
5421.0	17.8	3.25
607.0	2.67	1.2
296.0	1.59	4.23
419.0	1.74	5.7
1127.0	2.48	4.52
1579.0	2.56	1.92
941.0	3.2	3.0
1372.0	5.66	2.75
441.0	3.18	0.0
281.0	3.82	2.29
630.0	5.34	3.27
455.0	4.78	6.28
279.0	4.42	2.16
-9.0	0.08	0.0
91.0	2.03	2.2
148.0	1.85	1.15
160.0	1.98	1.22
473.0	2.91	1.87
1986.0	6.28	5.78
799.0	2.6	1.16
121.0	3.12	0.44
332.0	4.59	5.83
326.0	6.46	7.89
247.0	2.71	2.03
82.0	2.33	1.41
-7.0	1.41	1.24
4.0	0.49	0.91
74.0	1.92	2.04
568.0	4.29	4.83
210.0	1.02	1.21
333.0	3.01	4.24
159.0	1.57	0.54
-11.0	2.02	1.41
-66.0	2.32	2.29
-3.0	2.87	3.67
56.0	5.18	5.84
99.0	3.95	1.81
1814.0	7.96	7.58
1026.0	3.38	3.43
1965.0	3.32	4.07
658.0	2.13	1.8
2131.0	4.77	4.29
2953.0	6.71	5.17
2923.0	6.29	4.54
1617.0	5.47	1.65
973.0	3.15	1.94
882.0	6.48	4.9
823.0	4.28	9.7
646.0	5.77	3.48
189.0	2.87	2.97
268.0	2.18	1.49
1092.0	4.12	2.84
240.0	1.2	0.92
961.0	1.99	2.76
403.0	1.54	2.28
479.0	2.32	0.91
289.0	3.48	3.1
67.0	3.65	4.35
179.0	4.68	3.81
995.0	8.72	9.88
535.0	3.95	4.43
183.0	1.76	1.42
585.0	3.25	3.14
707.0	2.11	1.85
857.0	2.87	2.31
636.0	1.91	0.25
1463.0	4.34	0.39
589.0	0.74	0.34
135.0	3.52	2.75
141.0	2.66	2.8
36.0	2.44	5.54
17.0	2.15	2.14
-56.0	0.76	1.24
37.0	2.77	3.87
132.0	4.39	6.73
688.0	4.98	7.14
368.0	2.67	3.18
343.0	1.84	2.54
103.0	0.84	1.85
324.0	3.79	5.49
131.0	2.87	4.92
1259.0	7.2	9.64
516.0	4.37	2.25
16.0	2.83	2.13
294.0	5.5	2.75
179.0	3.68	3.42
2360.0	7.53	6.25
630.0	3.42	3.41
1082.0	2.13	2.44
586.0	2.11	1.49
1023.0	3.41	3.04
1060.0	3.54	2.75
137.0	2.7	1.91
47.0	4.28	4.85
-25.0	2.56	3.7
-46.0	1.47	1.33
-44.0	0.92	1.57
86.0	4.55	5.68
1.0	0.58	0.53
186.0	3.98	3.06
101.0	1.52	0.85
221.0	3.26	2.41
887.0	4.81	3.59
1114.0	5.82	3.89
223.0	2.92	2.79
81.0	3.73	2.61
174.0	3.17	3.24
252.0	6.6	3.34
1930.0	8.02	6.91
66.0	0.85	1.36
230.0	3.31	3.3
990.0	4.12	2.96
736.0	3.21	2.32
298.0	1.54	1.46
2357.0	6.3	5.51
542.0	1.98	1.09
197.0	3.93	3.78
638.0	6.29	6.78
30.0	1.94	3.29
26.0	3.43	2.15
117.0	3.64	3.25
17.0	2.18	1.2
1787.0	8.49	4.23
2768.0	8.13	5.7
1546.0	2.99	3.82
2200.0	2.79	2.68
835.0	2.71	3.1
185.0	1.06	1.63
1060.0	7.08	5.78
130.0	2.46	3.04
40.0	4.07	2.07
30.0	3.2	6.62
174.0	4.75	6.05
78.0	2.49	0.88
18.0	1.05	0.78
107.0	2.77	1.43
110.0	0.78	1.15
237.0	1.72	2.05
621.0	5.37	2.81
404.0	2.9	3.2
342.0	4.37	3.08
-19.0	2.81	3.72
-8.0	3.43	1.78
-15.0	4.08	5.14
107.0	6.02	3.85
41.0	2.55	1.99
195.0	4.27	3.14
245.0	2.54	1.4
155.0	1.58	2.04
275.0	1.94	1.97
913.0	3.34	4.2
125.0	2.73	1.48
348.0	3.58	4.17
25.0	2.08	2.56
50.0	3.87	5.27
141.0	5.71	2.71
465.0	7.51	6.47
57.0	2.8	2.5
1.0	0.43	0.59
250.0	3.43	3.0
854.0	4.0	2.65
980.0	3.82	3.54
494.0	2.22	1.57
614.0	3.75	3.31
995.0	4.65	3.34
1348.0	7.62	8.36
1262.0	4.77	3.41
268.0	2.33	2.24
12.0	2.49	3.45
5.0	2.69	0.79
86.0	2.77	3.15
1000.0	4.75	5.24
2139.143901198203	1.9093789466846576	2.106919864806222
1292.1889966196445	3.8169370231828585	3.004973142429196
131.0201320770105	5.1205101673211075	0.43422050854459976
144.29096519469547	4.887524107981258	4.868564755741311
1045.2018233689782	4.630561463957992	2.5696241473010275
-0.4312872136197692	3.1447745326612098	2.6069131445847904
879.9267542855287	5.474899004255707	6.607418651643598
4004.267091746243	0.605386486206702	4.806296625608774
79.20254288544197	2.6187941115195486	3.066366479733731
62.315318095456156	2.4482291250937323	4.132382215209214
1188.2907217801842	1.9217204816723248	1.1633580626516382
1858.069287749852	5.067558152091034	3.140125279018071
260.8199304561886	1.5701217929310338	2.6005032687676204
840.7890061667011	3.828434390974417	0.040504650429027955
831.4055518536261	5.650777124388482	1.0663072871796198
338.495832486263	3.5126285482958988	2.9874300617259233
109.66782335529965	5.678267409683809	6.902632976972229
1.2435458448543784	5.051985350830163	3.469243616256804
156.2398248998306	4.980647628564396	6.548327594561451
237.68328148121506	7.272928138456973	1.7628473080816198
96.3193111220589	2.548032664507523	1.2749842122565753
1040.7371970559927	2.0891199579232627	4.126835300850645
670.7933211536483	2.845112313454032	1.1476002541754633
2049.4843544417427	2.112117042351071	4.402236355738484
1686.227296652731	3.689205097883029	2.013218304000196
2203.985160083341	2.997131330491374	3.3496646522808415
432.9374832029216	1.0526851158798634	0.3203631920017287
141.7428914413951	4.431587646951049	1.6760034268182455
561.5720032312311	4.701729441221871	7.056594828826973
453.52559717481154	2.506552765804891	7.0068582430782875
855.0236666704762	3.7055028742636873	2.9811282145145666
249.0642532244908	6.68981536572088	1.7934309339484473
117.0446105498603	4.562922826809647	1.2249050598867175
401.77744157831245	4.070819050091718	0.3244288354528322
967.6055053179061	4.653042277781467	2.9722724606170234
1245.4167670813986	1.903451424766706	4.475683680993164
291.76256566861196	2.4836149822483673	1.4531477258101708
1742.2804149896922	3.0510030304631197	3.7466572043332262
1143.4280153774832	3.7460432008481663	0.6502916026162784
220.4479927077808	2.035008860219302	1.935077154738606
121.96031212600192	4.119185605067092	2.8708346657277435
1059.1925066318522	4.549755355641769	5.9407114622444706
253.31297197701912	4.443042258570149	6.379127750680722
67.93728512339956	7.553671952608344	3.3999397572043644
72.0389238531076	2.5162249258234053	1.9990901458491728
88.44376360602351	3.100403548937864	3.7551609747381804
111.94267298864513	4.110185990829455	2.223068529070037
1212.1773327038482	2.6783904087730517	4.17484643288176
2118.170123794236	2.785208277361082	1.6804404952197745
2259.31369372671	6.156918194354383	2.9988884879293995
63.01457541972833	2.5996405305257704	1.101799942977956
210.56779417850714	4.268147411941267	1.8030154123447402
114.26764867776231	4.674639170253839	6.767500272529646
29.640060605777943	5.006200973600952	6.039176251668528
220.57279336381288	5.093153755864179	5.895634599819223
2737.3180074104257	2.05100326582441	3.6530005538195107
13.0348105291263	1.9202427598088663	-0.0407896052454165
553.8186572366933	1.9472762191488415	0.8894500288661312
2406.883056285104	3.8427320208609155	3.178612471266767
481.29417192638925	3.764211448696302	0.6800589469337956
514.8107498781176	4.467406169944777	1.9241672933320586
516.6721175572193	4.131627499382454	2.9874887359806683
1719.7521041492325	2.277459062499319	0.7728745127524375
228.0256012850365	4.4679156948370204	2.789406912162819
20.25833032106877	2.6861064850216807	0.6012052704800588
201.70305808785622	2.8475370179632082	3.267571187276463
-46.55323159339634	4.162476152663664	6.047603395165723
4801.317543859144	3.9483704554031456	1.8066557643027803
28.08469624355294	3.0967002987052625	2.6517128479824286
902.5754381914293	2.7151701224511924	3.217218742145079
597.0384459315655	2.5280079680596677	4.66512709976236
441.07094032211324	4.898468401824027	3.045821417955177
599.2024666221572	2.019867557573419	2.41650224163536
1237.4098008407118	5.3467095992427005	4.662823207442249
1853.3689584722683	1.0841471658652793	3.2323198302871
133.33665542994885	3.1187794322080435	3.9450615236936235
144.12882465274214	2.332262695835723	2.7432363522024303
36.435291697079755	5.509764838187037	5.999770955286047
250.44080494719074	3.4710539299884426	5.369058220496832
-32.992058065307866	3.835762111214192	6.41833007048229
708.0099576450211	1.8312579648045846	3.3266743555502742
267.5726894216649	4.667165967066687	3.1169654204166766
4.086589639607057	3.235632626968697	3.814148614693656
91.24296993601118	2.2118469853441023	0.5081115367328953
302.8291003550461	1.9454612360678496	1.0733352698466443
913.7276310355807	6.360123798152599	2.401873931663561
1599.736233658644	4.4739278902335045	3.036121771835261
233.8459531777955	4.520408907930144	2.8619222138355704
181.7599108783522	3.647444758483435	2.246324448875321
265.52765293118773	5.956698418724546	1.1131758673460688
253.14404071904104	3.463124948506483	0.6282938990546064
2902.2770911491975	3.9704595352836733	6.095973957695023
115.33753297634007	2.901285204400003	2.2675367280407768
155.44726089419044	3.2414960075818344	0.8169151836059146
1105.1310306177024	2.7283507354768717	2.997300121051754
1635.4270383044366	4.655999661905478	0.08936168114491681
1194.5054307606588	3.1346448282261905	3.199456309895392
882.2828318402084	3.0053903917226994	2.782610122142317
2.9492392928615576	1.0449455212670482	1.9373266340190427
361.6518418542375	3.5624405806262893	1.6561771316182845
47.52659620444645	2.6762424309526818	2.6827527673444207
286.3002866145869	3.234518770717731	2.2231197779963034
146.77033022953034	2.2325542762350494	2.507526911672273
282.6598153970382	4.946996732092207	2.6581766778258373
154.46421639987744	2.4435820123236627	2.0098708712091313
498.4879215026559	2.1180091103563963	3.909344716141
702.6636329788614	3.4228553270131767	3.2630609113978406
103.54730227003766	3.7460485374876535	3.896965919865653
322.9259602675987	1.9656828092882437	3.6663235653102957
1081.2059758563657	4.110561891720743	2.674692923172921
1773.6347355717694	1.110301679718114	0.7162541975160509
160.3760185169055	4.712993515608831	1.5597561359971126
1705.6550529037042	1.9481815908923397	2.7445287860367555
-0.1762927588729687	3.2240880182154177	1.3380419622817903
445.216155874033	5.814988859028314	1.9805282287416128
-26.897292301819743	4.79081860402212	0.9078700394171687
69.66092772165157	4.190499392117263	2.814773770086093
85.12195493004822	1.8397159268956729	2.856064152786479
1166.1926539063732	1.947121978183405	1.4042720695302826
776.4967446215401	2.0617818361597613	2.404889341486007
621.2685226257012	3.4357375541312476	2.506590391712006
1702.8096167076785	7.136373828491946	3.001539006352277
2505.9242119190635	1.0864106591538822	1.0514424173548278
167.89879964614573	4.444411013100722	4.179998346215644
-1.7045080871386986	3.636859919521366	2.365764872149651
334.71838681763904	2.6226206368084464	4.738372591987779
438.52415692907675	3.5328991231585247	6.504855221481625
1696.320852931432	3.5753404602173475	0.7835091277662509
94.29528195480027	2.8989051288045986	1.6993959353197885
662.3790680627442	4.729672372466087	3.7431997311464964
250.45423715560722	3.7409495696251707	2.9953195085688953
461.6990505166798	2.4780051643560292	2.266508579141651
1180.8404883084072	2.9367683597027248	1.8890428470007168
490.97049708150445	6.265613566395173	2.895727190527536
354.33839066799567	2.4068951387703965	1.2955504324882345
264.38635031656344	3.0499757052756897	1.879077949639284
179.61990834837772	3.183760130122814	3.2234500331838483
60.15242295234655	3.455160496403069	3.6946123515931566
180.6385011681927	3.1443744806939544	5.557521255524164
230.29952695858952	2.003560918162399	2.0457675778416666
66.13097332045915	2.0854619809536428	1.9748945373673215
317.66929809486084	3.242013632445957	0.4911935830189311
814.812010897475	3.052228025103864	1.4614190397911604
240.5499579539152	4.668261502132078	1.0720894959658271
606.3176055557846	1.9194598167752472	1.3047868230681507
1086.803415308759	4.169176826448865	1.5245469804020344
515.1325072863989	1.0882087794396218	1.9670380616913983
314.65802489258556	2.745434703927048	2.719334714475404
52.36600420005279	2.035321012168304	3.1507601347114673
57.686799200127126	3.399175758687985	2.071614224541471
499.72527835693114	2.224008003095104	2.1549599555551766
493.2005744292025	2.3154330997446064	0.11939506254004095
161.56706281836418	2.0146709366030136	0.9081247646455968
609.5155748595839	4.49270117890721	3.2945967900730957
949.4106049924904	1.686852456558639	2.916767833571752
1578.0320105306603	4.306811187826101	1.4985226390415165
860.4791783343127	3.8947602077163297	1.6227904043609067
909.3308902290496	3.0550709990431706	2.196554544752613
483.63924005522057	3.6603710514325885	1.9078454821238142
1363.69497837688	4.5650150243426095	2.716613745477552
18.78078887098216	4.0461533744709435	2.539592739599138
58.25921557424262	5.759989720596606	3.29828606866134
273.3060265592601	5.514279327097174	5.739119303983639
216.0515780446772	4.678054518854022	4.550883565243459
54.622530307695406	1.7157691209678876	2.629462219823935
63.78390778730969	3.5599235325396736	1.4244148671025578
713.7999677652308	4.027675477873877	3.027488792942931
2864.7453080812975	4.666931393754694	0.06659585677623704
1614.4790973661009	4.251772286192245	2.714164633654333
383.78821503116114	6.968233525619494	2.6356261628725672
979.338243775796	1.0842925196102267	3.103279662386485
279.6380687337431	3.4757672079908066	1.5753680722233705
926.4312017666612	4.226251221451039	2.261878161253088
22.22844004542947	4.655762069790318	1.409338779749797
26.400488416192616	2.190988343144428	2.1483977567233445
3421.7109623429055	4.669566147819954	2.2238600486099154
38.23926994783583	4.510685130429053	1.2143930897909712
73.96825615082989	0.5756520310491515	3.0801031781815342
215.24934629018213	3.6753737281505336	0.46573239100103864
1119.9560859401772	3.9690512386232593	2.306056421673114
944.4242096605924	1.9076087920001457	3.403555662054332
450.33269578364724	5.645223221018755	4.8552539198307185
1774.7370458771359	1.4887102426515726	3.5386592308240212
130.64059510667565	3.9844885992374866	3.479761308190244
4.751912303240495	3.8665608925333497	2.2478373731408308
20.170541862897764	3.938245124385533	5.161906003483141
85.327343940168	3.165495940866914	2.5094090199552155
334.5126324506312	3.7664520420293086	3.34580147900023
63.0646706380665	2.7519610640051204	1.1967372178686277
280.4448525755136	1.1014438254908039	0.6946326779033571
433.10161147065924	3.349168601401879	0.6365882677591017
593.1959255140181	1.7490166255613155	0.8760524928030281
593.4245172433508	5.057022882844248	2.415451754772067
999.9597554249709	3.192386471775981	2.0427764010665443
780.1294803322667	1.1848644829290218	0.5567043966233409
1365.2550967893792	2.918194454274188	1.8554224532206856
529.9916294125202	3.236028798739425	2.652628277434711
25.133347700251964	3.2187057999088546	3.303711841565942
-46.84249880705371	3.2146947492663287	5.651218675663343
4576.678865764703	3.5810583436401453	1.0990040909211456
22.00044126672299	2.844267360607932	0.5636078893377315
27.175358470001495	4.641576472417673	2.7919922337889225
144.57717685599923	3.568671146649539	0.8762025447130091
603.1167092902997	3.3451793653195074	3.5004788653460714
463.62868846061497	1.9474864767507332	2.00516591706931
974.9477811999365	4.501651144527571	3.940563097471506
1531.3048867618609	3.599886337178332	2.7921032541630777
111.02251272557316	4.894439965379947	2.705464726481116
244.56588627764773	2.8004115759871286	3.01598871015051
338.8793530740295	4.044694270551164	3.3529893129603687
140.47058589834543	4.107783265150712	6.127955923902034
428.5318091924003	5.771734918322067	1.41893390334948
845.5878311506644	2.8867247334748836	0.8084497894544915
366.8959217793215	3.2672626821838415	2.2972838642974143
634.3337134114597	2.598407787071223	2.73324043038863
126.8598196928655	3.9894067993250637	2.0439693091668523
445.04002744281587	3.8829647211501026	2.5999887325475672
792.7982484031725	3.19675411855348	3.359144077823286
110.46002615843781	2.3246886441268706	3.585433318456842
195.69084643761988	3.308133302788802	2.348114883356798
91.568422538779	4.989637308305266	0.991452613422225
932.3336325677083	2.5009744134791916	6.289892293916426
1.6772880883461712	3.318138432304969	4.347371602435899
173.15241398532584	4.911543750978546	0.4032461102794385
15.93147570043781	1.998371114032811	1.3146250994479194
291.5211157386493	4.724835642691474	1.9859972781877246
636.3572582775297	3.941688675015996	4.463340775735399
2346.8239321293877	3.955409552953524	1.0443790840046734
