Flow 	 Preci 	 Evatr
816.0	2.03	0.97
2394.0	5.09	3.75
3144.0	7.49	6.64
2366.0	4.49	4.02
1499.0	6.44	1.67
357.0	2.67	4.25
71.0	1.67	1.01
59.0	2.25	4.11
-35.0	7.25	16.67
98.0	4.48	3.46
331.0	4.8	2.26
1757.0	6.47	6.19
1884.0	4.64	5.52
2558.0	5.2	4.64
3177.0	7.66	6.85
1981.0	4.48	3.45
1079.0	6.02	7.84
221.0	2.04	4.78
1006.0	9.82	13.04
424.0	2.12	1.01
25.0	0.55	1.64
76.0	2.93	0.78
53.0	1.35	3.3
339.0	2.67	2.9
1039.0	4.61	3.84
2497.0	5.37	3.34
386.0	1.39	1.3
87.0	0.46	0.2
248.0	4.79	2.68
-4.0	2.23	2.08
103.0	4.68	3.34
566.0	6.39	5.56
101.0	0.33	0.32
31.0	2.85	2.04
2565.0	9.97	3.82
742.0	1.39	0.7
340.0	1.32	0.54
453.0	1.87	0.03
1120.0	2.98	0.0
134.0	1.1	0.18
149.0	2.73	5.76
-52.0	0.84	2.77
24.0	4.2	2.48
709.0	6.99	13.27
-21.0	0.53	0.62
-38.0	2.0	2.34
63.0	3.26	2.47
610.0	4.1	4.52
1919.0	5.88	11.23
1908.0	4.23	4.98
2274.0	4.54	4.01
1776.0	5.46	7.38
305.0	3.08	1.51
103.0	2.48	1.48
31.0	2.58	6.79
-35.0	2.71	4.48
194.0	5.83	6.68
-6.0	2.65	2.2
79.0	2.48	4.12
241.0	3.86	3.45
784.0	3.35	2.03
607.0	2.24	2.5
259.0	2.09	2.48
400.0	3.48	2.02
229.0	4.97	1.67
48.0	2.43	9.58
11.0	3.23	3.47
-3.0	4.12	1.8
85.0	4.79	1.8
172.0	4.14	1.9
558.0	3.85	2.71
148.0	0.76	1.18
340.0	1.7	0.67
2218.0	5.91	0.59
3239.0	7.06	6.39
1743.0	5.61	7.17
1457.0	4.42	1.39
723.0	6.62	0.47
981.0	7.3	0.0
1151.0	6.3	0.56
239.0	3.96	0.0
904.0	4.91	0.04
622.0	3.09	0.1
1247.0	3.12	0.0
1310.0	3.93	0.0
2029.0	4.32	0.1
1079.0	4.17	0.0
1409.0	4.42	1.1
1565.0	6.95	4.06
195.0	1.14	0.0
57.0	3.67	10.38
163.0	4.67	6.64
-53.0	0.46	0.1
501.0	8.16	2.26
140.0	2.08	1.48
613.0	3.78	0.44
2084.0	5.15	0.0
347.0	1.31	0.0
1728.0	5.94	0.0
529.0	2.63	0.66
219.0	2.72	2.06
62.0	2.03	3.02
59.0	5.35	1.0
25.0	3.13	0.32
146.0	4.96	1.84
18.0	1.93	0.12
36.0	0.98	0.12
123.0	2.73	0.0
1174.0	4.84	3.84
575.0	2.45	3.34
978.0	3.77	1.3
497.0	2.4	0.2
148.0	3.23	2.68
325.0	4.67	2.08
198.0	3.98	3.34
119.0	4.19	5.56
72.0	2.35	0.32
136.0	4.54	2.04
747.0	5.08	3.82
724.0	2.84	0.7
1868.0	5.13	2.03
792.0	2.66	2.5
3718.0	7.57	2.48
2403.0	4.99	2.02
321.0	4.32	1.67
20.0	1.65	9.58
0.0	3.22	3.47
-16.0	2.2	1.8
5.0	2.68	1.8
28.0	3.27	1.9
136.0	3.6	2.71
398.0	3.69	1.18
784.0	3.99	3.18
1213.0	3.31	2.54
2704.0	6.9	1.85
508.0	2.57	5.49
115.0	2.22	4.92
55.0	2.7	9.64
201.0	5.66	2.25
136.0	3.91	2.13
-19.0	1.49	2.75
190.0	3.65	3.42
83.0	2.38	6.25
58.0	2.38	3.41
843.0	4.25	0.0
1406.0	3.82	0.1
1187.0	3.13	0.0
102.0	1.18	1.1
156.0	3.66	4.06
1935.0	11.0	0.0
496.0	3.97	10.38
153.0	3.23	6.64
13.0	1.73	0.1
1178.0	8.27	2.26
1295.0	4.77	1.48
700.0	1.84	0.44
1682.0	3.83	4.52
1341.0	2.33	1.92
1300.0	4.1	3.0
864.0	3.63	2.75
837.0	5.03	0.0
230.0	1.89	2.29
164.0	3.5	3.27
402.0	5.28	6.28
4153.0	13.24	2.16
819.0	2.91	0.0
597.0	3.32	2.2
1331.0	3.82	1.15
1151.0	3.56	0.0
1533.0	2.89	0.0
1089.0	1.92	0.0
1712.0	5.65	0.66
376.0	1.38	2.06
371.0	3.63	3.02
273.0	4.26	1.0
-47.0	1.31	0.32
37.0	3.77	1.84
47.0	2.67	0.12
285.0	3.66	0.12
312.0	2.66	0.0
3006.0	7.91	0.85
3393.0	5.13	2.41
4393.0	8.37	3.59
959.0	3.74	3.89
373.0	3.95	2.79
114.0	2.36	2.61
28.0	2.83	3.24
31.0	3.07	3.34
80.0	3.82	6.91
37.0	2.99	1.36
57.0	2.19	3.3
278.0	4.75	2.96
1598.0	5.51	2.32
480.0	1.9	1.46
919.0	3.0	5.51
859.0	4.87	1.09
214.0	1.22	3.78
110.0	3.28	6.78
34.0	3.28	3.29
201.0	3.48	2.15
5421.0	17.8	3.25
607.0	2.67	1.2
296.0	1.59	4.23
419.0	1.74	5.7
1127.0	2.48	4.52
1579.0	2.56	1.92
941.0	3.2	3.0
1372.0	5.66	2.75
441.0	3.18	0.0
281.0	3.82	2.29
630.0	5.34	3.27
455.0	4.78	6.28
279.0	4.42	2.16
-9.0	0.08	0.0
91.0	2.03	2.2
148.0	1.85	1.15
160.0	1.98	1.22
473.0	2.91	1.87
1986.0	6.28	5.78
799.0	2.6	1.16
121.0	3.12	0.44
332.0	4.59	5.83
326.0	6.46	7.89
247.0	2.71	2.03
82.0	2.33	1.41
-7.0	1.41	1.24
4.0	0.49	0.91
74.0	1.92	2.04
568.0	4.29	4.83
210.0	1.02	1.21
333.0	3.01	4.24
159.0	1.57	0.54
-11.0	2.02	1.41
-66.0	2.32	2.29
-3.0	2.87	3.67
56.0	5.18	5.84
99.0	3.95	1.81
1814.0	7.96	7.58
1026.0	3.38	3.43
1965.0	3.32	4.07
658.0	2.13	1.8
2131.0	4.77	4.29
2953.0	6.71	5.17
2923.0	6.29	4.54
1617.0	5.47	1.65
973.0	3.15	1.94
882.0	6.48	4.9
823.0	4.28	9.7
646.0	5.77	3.48
189.0	2.87	2.97
268.0	2.18	1.49
1092.0	4.12	2.84
240.0	1.2	0.92
961.0	1.99	2.76
403.0	1.54	2.28
479.0	2.32	0.91
289.0	3.48	3.1
67.0	3.65	4.35
179.0	4.68	3.81
995.0	8.72	9.88
535.0	3.95	4.43
183.0	1.76	1.42
585.0	3.25	3.14
707.0	2.11	1.85
857.0	2.87	2.31
636.0	1.91	0.25
1463.0	4.34	0.39
589.0	0.74	0.34
135.0	3.52	2.75
141.0	2.66	2.8
36.0	2.44	5.54
17.0	2.15	2.14
-56.0	0.76	1.24
37.0	2.77	3.87
132.0	4.39	6.73
688.0	4.98	7.14
368.0	2.67	3.18
343.0	1.84	2.54
103.0	0.84	1.85
324.0	3.79	5.49
131.0	2.87	4.92
1259.0	7.2	9.64
516.0	4.37	2.25
16.0	2.83	2.13
294.0	5.5	2.75
179.0	3.68	3.42
2360.0	7.53	6.25
630.0	3.42	3.41
1082.0	2.13	2.44
586.0	2.11	1.49
1023.0	3.41	3.04
1060.0	3.54	2.75
137.0	2.7	1.91
47.0	4.28	4.85
-25.0	2.56	3.7
-46.0	1.47	1.33
-44.0	0.92	1.57
86.0	4.55	5.68
1.0	0.58	0.53
186.0	3.98	3.06
101.0	1.52	0.85
221.0	3.26	2.41
887.0	4.81	3.59
1114.0	5.82	3.89
223.0	2.92	2.79
81.0	3.73	2.61
174.0	3.17	3.24
252.0	6.6	3.34
1930.0	8.02	6.91
66.0	0.85	1.36
230.0	3.31	3.3
990.0	4.12	2.96
736.0	3.21	2.32
298.0	1.54	1.46
2357.0	6.3	5.51
542.0	1.98	1.09
197.0	3.93	3.78
638.0	6.29	6.78
30.0	1.94	3.29
26.0	3.43	2.15
117.0	3.64	3.25
17.0	2.18	1.2
1787.0	8.49	4.23
2768.0	8.13	5.7
1546.0	2.99	3.82
2200.0	2.79	2.68
835.0	2.71	3.1
185.0	1.06	1.63
1060.0	7.08	5.78
130.0	2.46	3.04
40.0	4.07	2.07
30.0	3.2	6.62
174.0	4.75	6.05
78.0	2.49	0.88
18.0	1.05	0.78
107.0	2.77	1.43
110.0	0.78	1.15
237.0	1.72	2.05
621.0	5.37	2.81
404.0	2.9	3.2
342.0	4.37	3.08
-19.0	2.81	3.72
-8.0	3.43	1.78
-15.0	4.08	5.14
107.0	6.02	3.85
41.0	2.55	1.99
195.0	4.27	3.14
245.0	2.54	1.4
155.0	1.58	2.04
275.0	1.94	1.97
913.0	3.34	4.2
125.0	2.73	1.48
348.0	3.58	4.17
25.0	2.08	2.56
50.0	3.87	5.27
141.0	5.71	2.71
465.0	7.51	6.47
57.0	2.8	2.5
1.0	0.43	0.59
250.0	3.43	3.0
854.0	4.0	2.65
980.0	3.82	3.54
494.0	2.22	1.57
614.0	3.75	3.31
995.0	4.65	3.34
1348.0	7.62	8.36
1262.0	4.77	3.41
268.0	2.33	2.24
12.0	2.49	3.45
5.0	2.69	0.79
86.0	2.77	3.15
1000.0	4.75	5.24
594.8639453608389	3.817444719683327	1.9264970516993094
3308.5759036607847	4.332281764111106	2.9547493094431094
46.735433219793855	2.4003529277696543	0.6814768973035766
99.96173532904112	2.6161442502426655	1.8895421159311296
85.08396432979504	2.6758506126358976	3.629202332999129
621.6193452917141	3.969181227871635	3.560072142406222
496.98848123525386	2.150931354242909	6.600289427744005
150.11021816094552	6.573241126010478	2.9286463719456814
60.45780241302636	2.839049513917852	2.318705849311716
97.72185709259209	3.34706167403151	0.2389147877941505
573.9262299697225	4.109728186836203	1.6641248280920165
1111.3893039552331	3.008295124561281	3.1209328581454003
894.9521607416632	3.614094947067136	1.8435954057909887
894.596619835788	2.2527706887284786	0.2251448274532847
1640.8949402682242	5.243728038110553	3.0343097949711533
730.648823684352	3.169010140663643	4.313503445753219
122.17484279948994	4.518909341197761	7.193672203561995
-0.4747401214846825	4.593705071762169	3.26729434824197
-31.184537775145643	3.153130106885685	4.011016850959597
230.95529232180013	4.708620659294759	1.426665558923019
-1.51499695875596	3.6284683497605195	3.51682173405316
275.20864580401604	0.6637964208623154	2.458488024986885
1139.3263397023582	4.278718420482373	1.0120786681842064
339.42154670505386	2.3669281193192657	3.9990576577531276
930.5800352574072	2.780718977230329	1.455510760015334
2455.0498494446483	6.429719977105404	0.7835102155207656
1778.8102793265284	3.399436927962796	5.168448222003608
668.7894467568718	3.1630728774060985	1.555413107665647
252.15931020168625	4.275737014445181	3.8716257387404713
-0.1195923320201766	4.293223970505162	2.2268875582830394
237.13511772697612	2.9353228937170424	0.7881012897527948
54.62812359758992	0.8229730670057562	3.379995508279192
-1.0582270536284355	1.5935591263294324	2.952983209730106
2071.6393874343394	3.564524424918792	3.5397420374263926
11.269252110476012	4.549537988818218	0.5586981734552634
1263.8592165985224	4.251080362487022	3.743329528162973
505.15360561192887	2.033605203788433	0.7929662256078229
454.05107114609064	1.7858364170662075	2.0195688323821557
1816.1960698868918	4.841475107606887	2.8209191636364133
294.38435873926903	4.54245956779769	1.6299295811155832
1141.9875124032353	2.424565591338887	7.09801505652541
1156.424764620739	3.5639580103847397	3.549694164916435
197.44499491536936	4.841692510381656	2.8251666402841145
271.56575398317347	2.4325945943276484	6.502725429757267
781.5858995542053	2.647093872777592	0.8338275329576417
81.75797528037802	2.509332616178983	2.4703828700360133
319.07725202240476	3.9063755496122843	5.248231144671624
1676.1879219455532	4.0025250524525315	0.7998423380007414
1096.69744699294	1.863046737325323	0.4451054604763829
310.89594534327745	6.344376225218734	4.212138138622269
1249.8158026652918	1.0540542815267042	2.821931308963645
3.274208658584965	3.0424266510114313	4.126273583256658
926.90310781086	2.672266530433631	4.01551574574802
31.233140519825334	2.4399200469340188	5.162935054385342
848.1631425587369	3.777327138286833	2.135033323977305
3147.8259146373603	0.5914905197849117	3.9728586024326535
181.17104975324258	3.725925345464749	1.6757106761497815
0.16642804796330807	3.449957853756807	3.3092036546067876
1113.802047440451	3.5881518638678696	3.272761691473268
824.0543363888596	3.840663857718896	3.995550321474348
1096.4049769494736	1.9106175319630292	0.05841971739370973
2998.9755586822657	2.6264787581410114	3.960501845892455
239.52561172722523	3.6842318141769033	0.9257350507904549
75.3872311013904	3.3789591317179655	1.9707891690401849
80.95902120752946	2.8674510434969718	7.082562823599529
191.18747746150993	4.01112275299622	7.072441405352901
148.25450977789356	2.4482555769888834	2.1347448621796437
86.4722891705047	2.403990875208017	3.3666312197498387
799.7946243467418	2.7289217292511436	1.302454027458226
125.96101847960674	0.6674091538429013	1.32381553803636
1873.8662271002497	3.3845072367949482	1.4694181580257553
275.6798903574352	3.048844173573421	2.3078150722951194
665.3917152150404	3.6526446231010072	3.3188099629031895
279.9597133249425	6.148613908104126	1.682070384690504
395.9173362387376	5.515959735760436	3.273612933857206
235.0898188144926	3.366480087926201	4.543470926674026
328.6329467876043	3.5833919600836928	3.08920892256579
24.26323867451616	3.2490690549962506	3.159359894627948
-48.241986235078045	2.2651716516937435	6.32161209017927
146.70194751376894	5.171632936496253	1.4322256225023278
284.34815703805805	2.6270525280352577	0.5021282499954717
1971.8962757002375	1.4100070442571582	3.892323813545207
130.93102531075215	3.3852571601516863	1.1519380366383571
764.7646458149087	2.9239065792932366	2.3076231536205265
1232.0826522174302	2.459950902438869	1.8927134045713725
2818.307339700939	7.018552237709727	5.6707730922582975
766.376929693979	2.575362602771941	1.0707460572722254
218.9929763733458	2.8021148898603703	3.636079817418544
108.56527462757998	2.4050958785878063	3.2822908447876866
55.31693848483222	2.9391488761391766	3.2928880254772506
326.06145696552954	4.149332020293859	4.773162613825075
13.795055456495009	5.82236085252879	1.76106236685905
20.820166964107166	2.8405640635482796	1.0978018505279925
279.52473687743384	1.4556963886689718	4.016097151296376
381.0686315925118	3.017751398818427	1.951312728743212
253.1093317795674	3.9292818023025413	2.0138831513514637
2272.0732142260777	4.5040094393249035	3.3154392611900763
931.4287957577259	3.010434101755829	0.058001586688836086
114.64151891421388	1.0515575665373775	2.636444245018329
275.75242595688223	3.6468137188802903	1.8276677484730415
-59.97922395074479	3.72900266029287	2.798779894576456
38.46286309009265	4.230599195182537	3.387461479362014
8.357213611623798	4.117269796481274	3.9289064333050927
-23.939878311135256	2.365171943852676	4.308008077451379
781.7595992194791	2.494411049823011	3.5186643721384057
725.1145944599795	3.078621009670447	0.20629843316269533
247.77303084068376	2.778705625419537	3.4306284537779987
140.66738268859433	3.6557949784574166	0.9588121605311006
1001.8845137208491	2.632071504061874	0.5594587902745944
1967.986569639819	3.954071980355967	2.2370171411947415
301.27739381344327	4.369912332877331	1.088002112562958
136.40776896052017	4.418881452679954	3.7257338591267546
9.276460577866427	4.326752108682957	0.7205928741909716
40.996765718322465	2.5356483795363123	1.1356403823831573
137.52460518301748	4.302813529539703	2.9242888374154274
-22.552025351905556	4.729606086673922	1.169150095753203
36.26539129367898	2.484118588015991	0.7894760794827188
122.68183283003032	0.7595383325069699	4.142906403519739
249.89714201236634	3.5944730048979627	0.8117493097929035
2771.1016558286456	4.2356136932393875	3.0110140667644303
477.0561212566481	1.5010538715948614	0.043733989710071704
1104.4189780667834	4.791498594392849	2.9890927995405874
2110.094870327358	2.7986753363973085	1.0776671809000788
676.5755978746325	4.180455100659056	1.5545940600462096
891.0544497025161	1.620654025433923	2.061532670275292
58.576286997688165	4.653305911998888	3.27807418331187
788.1275528209496	2.2191892964275404	1.8163758972509179
234.20029864555983	3.8838161339317256	2.0857470073641293
1647.888843141311	2.6653604632526586	0.77162768463895
4.197764759554746	3.289330280736986	1.4268260145233302
344.4581649415278	2.751696241014208	0.6454546776176321
50.964058687012745	2.8980374753298492	2.2764339815529495
2104.9896507471076	4.1048276136634465	2.110133947920571
1186.353381544533	4.293612023145595	3.0126906857515654
2584.740464704202	3.198225674564542	1.636134933075957
144.96034512161427	2.95314561541825	4.473974329565392
112.84698756430954	4.249593755569371	4.707296754632897
-1.3389242687857197	2.572770558610883	7.022462505704839
76.57768480643513	3.356721604565886	5.026129235112311
123.0308266971081	2.0139982809667827	3.5007714814229516
191.93624268548746	1.9731031603896112	-0.029350713116267337
605.5361981700606	0.8124204429765391	3.683071114428577
2650.038292890573	2.653545064366168	2.994244355365917
343.52714746210415	1.5293019219426516	0.8611293125407795
40.782850343056836	1.7307073708390588	1.4439483943312845
1484.7846266800482	3.188594573847774	5.670796596131833
124.4927741839305	1.0822065069943199	1.2689290869574257
101.92204650951331	3.245009791905489	4.122002395864218
-36.380410476651896	2.688979764071824	2.977212241988956
589.0992030201892	3.589693276571045	2.2292825398126475
-21.283436957127872	2.7502834863783594	2.1902466503137528
-19.143488725481102	3.7761942170478897	1.8004577639078574
154.85350322500173	2.805142276765694	1.311780630978185
105.29900766674612	3.2825123428738214	4.029775316902117
712.4119361700135	1.8771728504594338	0.7029450786952084
693.748789450366	2.867223322775779	0.8815726134139117
2232.4807843226085	1.8967255502461868	1.4579226740688465
1625.2386735424416	3.327781165050691	5.618655246646968E-4
113.9227486886893	1.0064429389764247	1.5019038885418
318.84544914836306	3.4234790942163147	4.243208126328239
111.74267785716714	4.032826591782672	2.9213417988497525
0.13710613755166445	3.1340481586996276	1.4618036102885912
26.715111814972023	6.022646095688297	5.662650841912311
33.45676085057279	2.354091266318519	2.729047725967679
520.426983980633	1.3782285567096708	1.3388978861696326
1.4830394573780596	4.293895611907304	1.1413069173288006
339.80905425962845	2.075984522106724	4.5289070245727725
1803.7080133751724	1.5830416540134904	2.2030545424583745
2153.3625629907187	4.2296167715106545	2.2825680266088777
1090.048071636678	6.512685366045309	5.577583965343932
2456.796787873763	1.122073766731335	4.742631017424884
1411.3601857004035	2.436105874002164	2.6868529985844423
45.846796704612295	2.6325641687546835	2.924046031416643
549.6955490685514	2.5685606504190224	3.3369212048203862
-11.235029535058622	2.184162408055058	1.9759518319688116
440.9061506739154	0.5183483031715204	0.55471602074084
48.7861295394131	2.67044348422218	1.9685220078030603
30.791025558530627	1.8840720316701458	3.8384078466618985
11.787270820031944	3.694544637772777	4.162054749785739
387.5574786858068	2.143854717230112	1.0018491695548086
451.8590485651896	2.1994422561645495	2.596730989930375
990.8352934613943	6.720999588099896	5.665468320399593
421.1708329268525	5.234795606085699	0.8615943280083052
229.47389376059715	3.165176009962304	3.429355216766945
-19.437170758763287	2.0182445514759753	2.1595603749872763
54.28987503751565	4.542848602737033	3.3054543549916686
235.4665521827553	2.1995276007511486	6.420810371053462
464.03874181354166	3.3542338524375377	3.969418397994562
-3.76395274753075	2.787677426573056	1.960734720446252
1.0523426413058228	3.9706292269938706	2.7441819890218953
687.547825963385	3.2965720635584814	3.2404452147592684
34.22776304697076	1.3382697460424144	2.3079060577141868
1346.5125648979626	2.8790622671051187	2.246421562059658
767.7482305752751	2.1237761334664347	3.239713608727311
78.53999592209301	3.7764542353878703	0.6358545379079987
213.4879760653916	2.0099819204398934	1.665149560462243
101.92394641778415	1.4652742385532591	2.626864122158786
57.245872149680885	3.139365053556842	3.307353780676172
56.855240308149284	2.8647125132673	2.138756797170746
475.4933743142695	3.89614890266208	3.681068764014252
177.1849860661144	2.6737097760292947	1.0438179073844207
79.89739140614083	3.8765735448708423	3.2143784924822967
1765.7953940706439	1.8486988118855974	1.1712505229699526
1731.0545136449177	1.5361976056458984	2.482688662974301
1092.9120607786792	1.8623851834789993	0.4524201102521967
896.963672808154	1.5751624862093394	4.192171131507997
539.8710426423457	4.582438557210081	0.42514046648142856
49.088037598535436	2.7484046915804674	1.5656152384752242
52.234180237451014	2.393923264121833	2.7028855300450245
190.51256907754893	4.08615127603007	3.2818591404724637
-36.0180846682299	1.684513734852394	1.782371359865491
25.144301690207133	5.05912088376194	3.5937339203677716
54.95750200061183	4.069898443768504	1.331315374127684
82.96012770446029	3.6556005460057377	3.295166884906623
662.0366625242541	1.9190865420095624	3.5731094283621427
1491.6587703326531	2.835350239028103	2.0446024148301816
2204.498311576981	1.4901213773174393	2.5345336787750057
397.39189365375825	5.483615347356906	1.4091361873930417
111.53169261601779	3.680449561732038	2.6803379135300185
242.5414526580502	4.4410975010616065	2.982153902357615
223.89614278892395	2.6878336016375357	2.1800418073696837
194.13270957965864	3.4300505855515304	3.6933425983178982
-11.837512194823761	4.23901758562362	5.803956925659831
413.17429710056405	2.1086410426221645	1.9499673534139188
1525.3811354186869	1.5575656616914133	2.0087173858507867
54.555170017939936	3.273767642413478	4.022838834047068
887.5870033897853	2.0225008420072386	3.1335563160185287
1318.5609556867298	3.1899226920847106	0.656781254225588
3337.175060223222	1.9023906769423216	2.5006021577936353
3690.914116270681	3.0008426232730567	3.4382071134701064
873.5978412348845	1.1081275633409238	0.7246371072013436
1475.1701875798713	3.1275929905918263	3.6125729289785613
114.93243812610395	4.706493055343879	2.366956505366493
-0.9001599196307031	5.377045159935112	5.008376192722546
18.58066622572221	4.206154722038602	4.118416891812437
-56.901886025981526	6.6946837920109274	4.455937022804387
622.8478312373401	4.601071690441523	0.6814069781659062
80.81382661673148	2.0391797111042864	2.75986291055562
149.88036912574583	3.4185147274087537	1.1453712426840694
243.44460880343016	1.2750165376588913	1.0592680944854893
588.2645954095825	1.9731357551185096	0.3415408860910718
424.76627790739275	2.0890539093793032	2.0354015196609803
737.229805027199	3.6493031468976165	1.3041343624165012
205.46624380901412	3.0330292502445704	4.044264096204923
-7.477831264080649	2.0283259542496204	4.157046405530369
268.71457938190383	3.9883858572829944	3.306230055262258
-43.85663968976947	4.1559826608885135	6.296976748080356
-19.121667793035957	1.4216008691107973	3.225622529798118
-5.074369158591278	2.710048195723858	0.017788398746775506
1623.2900983020565	2.203188107639803	3.20992048831912
390.2152912127087	3.2908797154423928	0.4647608405888529
1772.76809485772	4.991659075241314	3.9259210291141793
624.6224484391108	2.61018660175345	3.081332350388226
897.9452104491371	3.293233338295826	3.0387574169418
1737.550268107828	1.2353302275987033	2.8648258476598416
1196.4501417256213	3.6377808930202677	4.054423483839023
0.24067395153327523	3.6739508689096585	1.1705513549226536
-1.0597830311532768	3.893962383592919	3.329691424423196
-26.24959303346786	5.10242825051016	4.700918895853527
173.56657301211786	3.8761369829384322	3.766895644115017
44.05342263251339	2.8286503445527034	1.9038704194312284
38.81051563736003	2.332979575923963	2.7347472419268533
491.70143837205416	1.779892058790717	0.3634321326592209
66.43668807003037	1.2568362805464826	1.9476785219018615
234.70942176142486	1.9037310518208765	1.8271532526949052
2991.3330624454657	1.9872417268250417	2.716738018927355
908.3226904750665	2.2554796371533565	1.6475292624317548
815.9248474381843	4.936986591967247	1.8794954864352698
26.972624989644366	2.6859647987838327	1.0246347749561104
31.755567158174273	2.75205032200652	3.313351703896386
-24.22815678487981	2.107023831685281	2.0827683891686566
16.143265687169357	4.858478068352198	1.7031970710733233
83.19826146261431	2.241502412452935	0.01987256539287213
0.9626409181196758	3.1547193435925767	3.2867039448845956
148.03497846289437	1.8332822355802603	1.1809754275743285
1126.512845597941	3.944677223863059	0.973959959558194
226.30738291051975	3.081456440104049	1.1123866706467842
730.5075312265423	3.808941546146934	1.551886155827411
317.33210178603315	3.9583660415927744	3.9309577189052995
398.1809049769146	1.7391687161643328	0.5789486044634833
216.86922809567358	2.455366311064888	2.157060489508024
3.4385877932622697	2.5127300737284557	2.2590046878296772
13.519107673485573	2.2257731097636735	6.364595226882116
53.99399341862119	3.8986781646197395	1.7985710898868443
-3.2676153384339113	1.9001654197756457	1.3417873237812132
512.614902331957	3.576533891280153	2.1789086340681294
94.72973223771083	3.7520971401374403	3.3436574385099975
170.04348688365786	1.47535685096162	2.143834196666534
221.4065726352203	2.265323566833696	0.511590400682326
914.0126656705753	4.1417361949752145	2.0798253901276538
83.27982066645639	1.4266508116438832	0.7321661209700688
1519.2288026245815	3.421881127998691	3.368947078658882
-15.466053422885262	1.8129671272958419	2.2447270840772173
14.031809464675895	3.9660661785711593	2.7060239501383725
125.97332773057244	4.039771816485316	0.8931860698888283
100.5135516046391	0.7193500028640409	3.3626775255443553
766.7662971819334	2.815756564369269	1.7895762929775711
104.7717150084016	1.2352305826830363	0.7371511221141307
69.75329504972261	4.222709374351727	1.226403370947155
401.0976662140482	3.3212234662611846	1.0224088337886212
612.9898595524704	1.8471514947104013	3.4795345191468603
918.4656216615288	3.2527229624018474	0.007276114297215781
145.51302905320463	4.401665667089796	3.751177419104643
369.6880391285859	4.8902256533339274	2.6312980211447585
144.1463864832537	4.114732688598812	2.86321140564144
251.28331950446508	4.18500127358615	3.2888590676145024
145.6283612780156	4.80974626202286	2.4462027327683256
76.52482350898943	3.876882637145051	1.7977812290295356
15.352812022857897	4.499303051415397	0.3328313875045984
269.9684373811212	2.5033902932819174	0.6334168255144295
433.20843779343375	3.8154518176802306	1.485957564554778
931.6847975127114	1.2104113030166697	0.1673065825559265
2027.4831609192015	1.6724300681853246	1.453816317087181
256.1413040985809	3.000715604856504	1.738331925974285
132.9172697648419	2.4351598226511286	0.26040666004616475
130.16154417117684	2.7330691816556807	1.5567024821918682
241.99720351761778	2.3203641908139723	3.005880897990624
1247.8520469932062	2.197147806987365	5.202118920376481
356.08033294533686	2.744113731888015	2.1114292855767536
103.82911604504585	4.22546518120421	6.271137327160558
187.25971203530156	3.3176389283681176	1.2929200668037786
56.03248284279864	2.2492137794132963	0.6977553461749997
718.3283298862917	2.7562014824304653	1.8837404273154232
800.3951356098808	3.970984472287612	0.6820521025897215
2141.4550372652707	3.366775151970481	0.10603498184793402
362.6407536967241	5.053580337714743	1.3753906149185944
149.8751770097838	1.2814269282329886	0.8106328598632183
348.5115717834776	3.149111951979187	3.2122423956217374
221.102930860445	2.04338605394076	1.9980765572611945
60.48208576414952	4.266170243062998	4.838432413120177
-13.394177437661098	3.856035423845833	0.9947908332481045
102.20125791395014	0.6020669137443535	1.6212393761596373
-3.636560009412688	2.68257982698255	2.307093684397512
630.1376384249086	3.6136307645501335	4.031075072368678
925.0012931832063	4.212003578107292	1.2114205026650566
797.7041901561303	3.951247347281629	2.3175715570549626
2182.9803635678504	3.64350407822487	3.331298100466177
1046.2000335009036	4.3714133040989545	5.238284120680947
145.37503133649895	1.614946893377113	0.6223698362775344
133.54882871916584	2.972603110569665	0.8158601264367087
123.95915909481626	1.8061791671148413	2.466637410910369
133.64780054422485	3.5484169848517935	2.1560479953835605
2.0531815152107478	2.154502775899522	6.167259785435381
145.15209079969088	2.762217489818884	1.9352308740719109
780.7363649384026	2.3250557952254787	1.2696998837659021
1.0301444884265936	3.2670302036660055	3.3115692546150584
228.36817004321153	2.056860419217506	0.8233783603319134
346.70229463079795	1.7596104872612892	1.9376133502338517
468.66501135119705	1.9163920361690208	2.5141066344352603
508.29926898784174	3.2562807140128887	4.008879512355629
107.21772392093224	3.7531316818084046	0.22362880200125615
134.49135948547	2.8411657854485832	1.6615143439609559
-48.22895940980851	4.42208381642134	2.90748858512773
570.5841372638771	4.080081579805973	2.885286619850449
329.6934238361382	5.16835215744967	5.485195533918139
-36.927125051323934	0.49346551593971427	6.364261567695754
36.05691984128476	4.458416797783521	0.21631832813889013
254.2067986777114	4.811922752335584	2.5755266338085643
1212.843178887075	4.158646190946172	3.446460194667245
174.69982291835896	2.320466746028133	0.012346196569155452
1539.4276639567047	3.095176866322669	1.6815460661505477
1675.9590370364294	1.9049200700397222	1.2795661597545978
1314.3793449989187	3.353646000042449	2.9616329667041588
126.02199080265113	4.255939046297827	3.7323215264671052
50.20814412463379	2.375616453502094	2.0518758183592536
27.39296578362026	3.909673264808982	3.673152230590602
628.4518675378276	3.13312784071288	5.630251125198301
1671.7173624684615	1.2421173449653644	0.26061494777632926
24.047925933487527	2.7645613087165817	3.470364507241389
138.12827150327743	1.3582727227814673	0.8086924526846263
337.393537920884	3.5571330977019877	0.5410307938600711
2763.6069893344606	2.4564192186817198	2.344085314231651
583.5103377285982	1.482028744426778	1.660432905195631
370.80619630043094	1.4251786932607016	0.024475254112807914
1059.7777251803957	0.7213968185179928	1.1119423554348933
508.8738922997893	2.9250893129029	1.7595344733606888
-43.73307244916643	2.238215545253146	2.816700164504225
7.884194241533904	4.683248012953692	1.7818543184585864
24.950241362474657	2.2251290591725033	2.1372545505810607
113.62703104085547	0.568368217833111	0.5997913287120509
26.271461322079325	2.8671015730114444	1.3824030892495047
568.5102866826762	4.8316444173854265	3.9408514219623427
67.46170456692548	2.2948413648921315	4.12997876205612
330.90333187977575	1.657569440281841	4.0879520818288135
76.22020761551914	1.814421600329514	1.4686261848984168
877.3855140870287	1.6906441618156787	0.775854376213524
15.345931814662148	4.000901019741952	1.118977484758528
318.82849377239353	2.459547612704473	1.854815282742948
-14.46315220567196	1.6885738453242063	2.2521814258078456
285.85597114944983	4.596502269464325	2.211140164403375
682.60779853693	4.077494015214323	2.160836694279811
270.26681369136577	2.5048572546308865	3.028483051002156
-2.864320750648391	3.13685396895896	2.034945941505741
71.26474453810694	3.3027623016960916	3.295587288407702
202.17133657742238	2.711051595880872	2.94407411201765
52.78866748636505	3.607775527577095	0.8655978913998384
1393.5877148609604	1.9865007451945544	1.930114829085497
599.0453080162238	4.246612209930932	3.4465908257145084
107.37754833357012	4.22403439164082	1.566385346396781
1562.9478266135911	3.128970989080219	3.771194691650765
236.62095539930144	1.779338162647461	3.1163317622762703
167.85803833917097	3.250974234354576	2.2510194393391236
-18.149756595953804	4.015407248558696	2.1378886585051857
231.1589950424121	2.5111508930324864	1.67782165749004
37.185796069805875	1.4031927863568305	2.501317369608576
583.6526257233946	0.8440944456729995	0.6781849187159024
85.67017539604694	2.513248188876877	1.1857135713166789
1769.6933777230888	3.8948465578945513	2.012285390457987
2690.915926456627	2.8994076845475845	1.5733118868904394
1036.9831322005293	4.296332288623315	2.811373242685809
844.172781588368	4.326158059176805	2.11371163636127
141.22242778923402	3.863356972964054	2.6828459285884882
107.22764036016922	3.668797364373509	2.2181891225575865
-2.045551338487646	3.9622861279234547	3.549947929386226
15.987433315286715	2.4663882485891824	5.377144279171286
-44.34235310131194	1.4460866225607834	2.0680953845953653
-4.143724757936151	1.8929827792464147	0.4778250275276733
348.61666552297623	3.233923787070038	1.430979152324468
301.2075710918544	4.085132989011998	3.388739996261053
1095.3085248530206	2.9965413000489494	2.4472521002502097
224.7858930378812	4.272076695388021	1.4644368636896803
1070.9677533023	2.0273387109091097	2.471172226784303
1290.842933096835	5.156400695544071	0.6011133272691993
137.34620385615247	3.7926411471400496	1.8743667649111058
243.36627907798956	1.978597530824193	4.674027728961844
38.30102185042358	4.865636340839531	3.4272935007531893
23.35831932343481	2.353130317884997	6.352970810286111
-33.183059957608336	0.47899058794740207	6.540612975722336
155.22868092934021	3.2495038830959047	2.040537453940202
112.9271542031731	2.5084822811817062	1.1341792088312603
819.0208592774453	4.082301230360941	1.7290633634311727
341.3929989499236	1.5645701016371485	2.035825571132497
136.69585218254392	1.7285713673253384	2.511075166296672
913.1408683275448	3.8154034604632825	1.7193360318482156
122.31025473345066	2.3721371340399977	0.5289243805779347
219.43158349967854	4.0395157740056895	4.066862092771934
239.7581737764406	2.037528227394233	8.870039864506516
1140.663067737751	3.261551574626062	3.285709544086192
1043.0430072528493	2.7740377197822035	1.6753525464855252
69.57142927528976	3.903764226628144	0.23617532050056866
157.62894428250752	1.8464736149169103	3.413872691332047
808.0853525480429	0.4725314895147193	3.4190522703270667
68.41486053010892	2.3318724138338593	2.960324929265563
1112.794394127839	4.248100258648654	2.484052209732741
226.34400511251303	1.7518340849903729	2.8810151561351085
843.7843344620917	3.241895219106397	1.735307493501277
545.7328813494863	1.1109515197477924	0.2072762275320067
1614.5625128890565	1.9313749988752928	3.0305305575409553
-35.78985825135032	2.458295902179365	6.901469828425506
157.4926211681159	2.739318211352003	3.4710940030410224
-21.1130548957591	5.337860386728366	3.168178585483792
99.11982401604351	3.7128745419390965	1.4458276011689664
-3.8742644629412286	1.928704717647957	1.8312647248751497
810.3770333887226	1.8450969294855701	3.297071969081597
51.66747414206928	1.845229921511408	3.307046268239998
619.7717309794555	2.664385190580026	2.3545169571276854
1421.125923829693	2.6875027903875885	2.125046526227258
1083.8290896017345	5.360797620841391	2.997542936202487
544.732965103633	2.586406241718997	1.1163344235538815
327.56600365081556	4.403806361627155	2.950829207077244
114.36715860219977	3.0471298126322948	2.5531126272864566
703.9838594829794	2.59956710129885	3.283206404044246
106.25015978090585	4.139833719815371	6.494594929604859
393.49903918182076	5.727985926206293	1.7967012875838957
-2.503584253487186	2.0279392998401784	0.7488039493896709
19.967410722942283	0.5017179620991095	0.4092651285539345
59.17361548283246	1.7592869817823997	1.1337962775171522
144.29312971416303	4.252070531797685	2.389979079888866
3095.2305342199697	3.5910568426353517	1.43628026653704
2095.8264020801616	3.798522327478468	3.8857291840397195
243.88241938387253	2.1998567686291306	1.2149089109191868
266.9009528034341	2.114133827928453	2.9949070887539464
887.2968775528825	1.86815874880366	6.553625583525217
-1.766575717077509	4.01624363824679	1.6419394146513457
266.0249103739383	3.0822570605541086	6.101399295181034
64.81091560695225	2.3716674959532105	1.7948904796608995
276.78742166468794	2.7002476467348218	3.412521645243016
0.7732505574422935	3.3207881288402947	3.589540175892724
486.5161348812965	3.056060269104694	1.7006253343060864
122.16523763206371	2.406227800427665	1.3283827918116633
226.6221736013291	3.0517045330445756	2.2177050235484295
945.5532925837229	1.2265361939574277	2.8454528737708413
807.7079783268526	4.1084617235235	3.451241955792252
119.64569333689094	2.0008324138808153	4.286894265443322
22.39141784079449	2.103146384418765	2.517658318033569
35.011343819144514	2.5612441207073022	3.2803849891308623
-13.848128713277667	3.1852055000833706	2.079826604244971
4496.924602970363	3.8936761646520184	0.7803212600689118
157.007158511114	3.298475608471283	0.11520394971745475
55.71469173032846	1.244138850675263	0.5298539715993879
388.36756889132926	1.5956928046570569	0.5101388254660398
834.6874756773592	3.9853185031813543	0.6012926696920126
2788.4553061619777	1.6539037870045175	1.9051550820095782
833.7697344991432	3.383528536138327	5.5002923184928365
1735.0399641651811	2.908230454671572	1.1195846573161685
68.05344800834774	3.778408488442566	2.807864321691368
164.76238986788326	2.2243478669427543	4.334641097747813
551.4220862390399	2.498678781774351	1.8031471195896671
462.6201005986425	2.9962866004716986	6.564548651083632
992.5560748826421	5.4561604073558625	0.19983109768379262
166.29177465797721	2.7069498362382056	1.2086750989073678
264.88604018162727	1.0903523262755461	0.5929113595491209
1089.7628448112637	1.9875880797126384	2.679954499392555
101.2764878375406	1.31390846344615	-0.0365495813825257
95.55987273465247	4.096215725568299	1.4417426687024715
503.0149897721754	2.1028355483982346	3.7083473355927183
394.6237839737957	2.5462770264231733	3.5307876682041393
120.79073247462459	3.113592220904211	3.791515991095469
57.76070458204943	2.605904389732091	1.150004383178643
58.02888959534367	3.4170147455441695	3.392451125790123
-9.689083283076467	2.7217448143010596	3.696660171053707
-50.65435706549531	3.889233972166747	1.953483629555358
14.749555308926405	2.6693006949312963	0.8972583679538859
82.09486831434175	1.0682931306468946	2.5529599948872357
165.42220062966962	1.9158170752325157	3.374177301016323
292.07799024515225	3.1868585561573686	3.800046556111136
228.2804312063874	1.9125711237438616	2.2498725249648093
1082.4997157077644	3.411108173010816	3.7720338466669125
909.2982235850822	2.5720774556333943	3.2766262979029745
995.6076592620606	2.5666983411864117	2.437283643405788
52.88379679692138	2.466228938643803	2.2063478349992516
6.983277465435418	4.871841275413425	1.0124838426341063
19.44908468277543	2.193558312674335	1.9094197961363988
2299.1681296311112	4.282348120052718	3.373358288341689
679.8591032849424	2.763065136091762	1.3823843356780428
21.256211249642504	1.0125998020503175	3.7400583793002213
121.80543837165632	3.3137947764998175	0.013030278117069215
726.6090828219254	3.63646097715315	2.249917172687075
1272.1106173651215	1.989585008938908	0.09429062373875712
1366.3689204177526	2.160930285588822	4.695033200441426
496.9914849276478	2.5699405754539373	1.1230408470285187
293.64618951700027	4.032179236656625	2.529094130000149
64.0511594565539	2.6024102448347493	2.123714623085978
1037.102263678993	3.7548987136803427	3.9994475887697907
43.830402287430545	3.4005160297850883	0.6678180993101962
98.7634194173792	5.9501090099455825	3.4780208348983845
55.63593910411406	1.6163314781527862	1.3747423299208452
175.69713190219463	4.020642845637881	1.8823001618330573
250.72984411385042	1.8602370887608173	1.5555770866801604
119.46598921025503	1.5840115153251495	1.3454315259238254
128.81614132366795	1.4580796470164172	0.09151059132982767
1100.986452566116	3.482669165341025	4.022728528463199
377.29554324587224	1.0565708267296805	4.124124826582779
924.677221662579	1.3180748207695705	2.8391415698363587
117.68284581211132	2.026574646146882	3.220368761820928
55.52326360374994	3.220272991523283	2.169924353140398
149.62248582040647	1.9262671350150902	6.6216223433318255
127.99452984862407	4.0851547753985455	3.4896021998094797
-4.666296130711395	2.8846389070059257	0.850980508584262
0.18915808190531225	3.2911921746971675	3.2877041800623363
66.89962122295067	3.605278011262227	4.990642142268461
117.37171361373372	3.050007629080603	1.981347522853786
887.8624442570786	3.949958573952752	2.5241311247357747
2764.395719372967	3.1842299109488597	0.03155281993298599
1554.7765734775555	3.5847459026654143	1.07830427201144
365.07671445772115	2.074775067200286	3.854502566875589
56.10279084830312	4.387245802238839	3.4317617733184216
5.29526140691435	3.099885659596225	3.3187027272552805
554.7246623903133	3.1706684059066546	0.9547306891195836
60.3309280181246	3.9755617777778633	3.39970435555724
-5.290346173810111	2.630461234966536	3.381115434976181
244.56801260218165	3.2741385052088994	2.529465004604011
837.6629713261128	1.8183988534025382	1.1522197907140705
2612.7094002251547	1.243470143324349	1.0009198284979794
2628.1343742255526	2.0281389830923424	2.5239996934364277
2835.923466364089	3.063432919391496	2.2125859683277573
158.4842845659918	3.8522506847275877	0.22257285631226642
421.35380143537054	2.9753653141523086	2.670684746051084
-13.069486316291174	0.9913718873527457	4.4340161221719905
73.03239046509903	4.822549282894279	3.2784576995979915
-2.1056485507544016	3.4961642638200905	2.1510390680920746
351.6985094293329	1.2241927309082752	1.9353522382111643
173.32405348778215	2.75933819659137	1.2579508304246756
732.1533059094784	3.2682997793561763	2.115664293953134
247.6403797476604	1.8520341273703826	0.41979053529228477
146.8847424305343	1.0108869421988935	0.9844312087762255
464.1364439917358	2.122362826237098	0.37458353611185885
295.1102832059049	4.2269488490107285	2.9501776980035004
879.0779321958821	1.1011722336043437	0.19657422618987988
90.58087335069304	3.182036519677434	1.674250023677927
51.254763259271456	1.0440020371561451	1.952560645448509
1087.9369898120058	2.4864624191334226	3.5329901623484976
-16.854973750627266	2.16701817431947	6.381472833353355
96.97580593954514	2.38228717149943	5.13071011561268
-11.889573453906593	2.3146282889876164	1.3722517749263419
211.8930142845743	2.6405727898058724	0.5877873205996826
287.2871790571736	3.873663322929195	0.630220069661751
464.0008309408903	1.7580686011398168	0.8670998036804441
