Flow 	 Preci 	 Evatr
816.0	2.03	0.97
2394.0	5.09	3.75
3144.0	7.49	6.64
2366.0	4.49	4.02
1499.0	6.44	1.67
357.0	2.67	4.25
71.0	1.67	1.01
59.0	2.25	4.11
-35.0	7.25	16.67
98.0	4.48	3.46
331.0	4.8	2.26
1757.0	6.47	6.19
1884.0	4.64	5.52
2558.0	5.2	4.64
3177.0	7.66	6.85
1981.0	4.48	3.45
1079.0	6.02	7.84
221.0	2.04	4.78
1006.0	9.82	13.04
424.0	2.12	1.01
25.0	0.55	1.64
76.0	2.93	0.78
53.0	1.35	3.3
339.0	2.67	2.9
1039.0	4.61	3.84
2497.0	5.37	3.34
386.0	1.39	1.3
87.0	0.46	0.2
248.0	4.79	2.68
-4.0	2.23	2.08
103.0	4.68	3.34
566.0	6.39	5.56
101.0	0.33	0.32
31.0	2.85	2.04
2565.0	9.97	3.82
742.0	1.39	0.7
340.0	1.32	0.54
453.0	1.87	0.03
1120.0	2.98	0.0
134.0	1.1	0.18
149.0	2.73	5.76
-52.0	0.84	2.77
24.0	4.2	2.48
709.0	6.99	13.27
-21.0	0.53	0.62
-38.0	2.0	2.34
63.0	3.26	2.47
610.0	4.1	4.52
1919.0	5.88	11.23
1908.0	4.23	4.98
2274.0	4.54	4.01
1776.0	5.46	7.38
305.0	3.08	1.51
103.0	2.48	1.48
31.0	2.58	6.79
-35.0	2.71	4.48
194.0	5.83	6.68
-6.0	2.65	2.2
79.0	2.48	4.12
241.0	3.86	3.45
784.0	3.35	2.03
607.0	2.24	2.5
259.0	2.09	2.48
400.0	3.48	2.02
229.0	4.97	1.67
48.0	2.43	9.58
11.0	3.23	3.47
-3.0	4.12	1.8
85.0	4.79	1.8
172.0	4.14	1.9
558.0	3.85	2.71
148.0	0.76	1.18
340.0	1.7	0.67
2218.0	5.91	0.59
3239.0	7.06	6.39
1743.0	5.61	7.17
1457.0	4.42	1.39
723.0	6.62	0.47
981.0	7.3	0.0
1151.0	6.3	0.56
239.0	3.96	0.0
904.0	4.91	0.04
622.0	3.09	0.1
1247.0	3.12	0.0
1310.0	3.93	0.0
2029.0	4.32	0.1
1079.0	4.17	0.0
1409.0	4.42	1.1
1565.0	6.95	4.06
195.0	1.14	0.0
57.0	3.67	10.38
163.0	4.67	6.64
-53.0	0.46	0.1
501.0	8.16	2.26
140.0	2.08	1.48
613.0	3.78	0.44
2084.0	5.15	0.0
347.0	1.31	0.0
1728.0	5.94	0.0
529.0	2.63	0.66
219.0	2.72	2.06
62.0	2.03	3.02
59.0	5.35	1.0
25.0	3.13	0.32
146.0	4.96	1.84
18.0	1.93	0.12
36.0	0.98	0.12
123.0	2.73	0.0
1174.0	4.84	3.84
575.0	2.45	3.34
978.0	3.77	1.3
497.0	2.4	0.2
148.0	3.23	2.68
325.0	4.67	2.08
198.0	3.98	3.34
119.0	4.19	5.56
72.0	2.35	0.32
136.0	4.54	2.04
747.0	5.08	3.82
724.0	2.84	0.7
1868.0	5.13	2.03
792.0	2.66	2.5
3718.0	7.57	2.48
2403.0	4.99	2.02
321.0	4.32	1.67
20.0	1.65	9.58
0.0	3.22	3.47
-16.0	2.2	1.8
5.0	2.68	1.8
28.0	3.27	1.9
136.0	3.6	2.71
398.0	3.69	1.18
784.0	3.99	3.18
1213.0	3.31	2.54
2704.0	6.9	1.85
508.0	2.57	5.49
115.0	2.22	4.92
55.0	2.7	9.64
201.0	5.66	2.25
136.0	3.91	2.13
-19.0	1.49	2.75
190.0	3.65	3.42
83.0	2.38	6.25
58.0	2.38	3.41
843.0	4.25	0.0
1406.0	3.82	0.1
1187.0	3.13	0.0
102.0	1.18	1.1
156.0	3.66	4.06
1935.0	11.0	0.0
496.0	3.97	10.38
153.0	3.23	6.64
13.0	1.73	0.1
1178.0	8.27	2.26
1295.0	4.77	1.48
700.0	1.84	0.44
1682.0	3.83	4.52
1341.0	2.33	1.92
1300.0	4.1	3.0
864.0	3.63	2.75
837.0	5.03	0.0
230.0	1.89	2.29
164.0	3.5	3.27
402.0	5.28	6.28
4153.0	13.24	2.16
819.0	2.91	0.0
597.0	3.32	2.2
1331.0	3.82	1.15
1151.0	3.56	0.0
1533.0	2.89	0.0
1089.0	1.92	0.0
1712.0	5.65	0.66
376.0	1.38	2.06
371.0	3.63	3.02
273.0	4.26	1.0
-47.0	1.31	0.32
37.0	3.77	1.84
47.0	2.67	0.12
285.0	3.66	0.12
312.0	2.66	0.0
3006.0	7.91	0.85
3393.0	5.13	2.41
4393.0	8.37	3.59
959.0	3.74	3.89
373.0	3.95	2.79
114.0	2.36	2.61
28.0	2.83	3.24
31.0	3.07	3.34
80.0	3.82	6.91
37.0	2.99	1.36
57.0	2.19	3.3
278.0	4.75	2.96
1598.0	5.51	2.32
480.0	1.9	1.46
919.0	3.0	5.51
859.0	4.87	1.09
214.0	1.22	3.78
110.0	3.28	6.78
34.0	3.28	3.29
201.0	3.48	2.15
5421.0	17.8	3.25
607.0	2.67	1.2
296.0	1.59	4.23
419.0	1.74	5.7
1127.0	2.48	4.52
1579.0	2.56	1.92
941.0	3.2	3.0
1372.0	5.66	2.75
441.0	3.18	0.0
281.0	3.82	2.29
630.0	5.34	3.27
455.0	4.78	6.28
279.0	4.42	2.16
-9.0	0.08	0.0
91.0	2.03	2.2
148.0	1.85	1.15
160.0	1.98	1.22
473.0	2.91	1.87
1986.0	6.28	5.78
799.0	2.6	1.16
121.0	3.12	0.44
332.0	4.59	5.83
326.0	6.46	7.89
247.0	2.71	2.03
82.0	2.33	1.41
-7.0	1.41	1.24
4.0	0.49	0.91
74.0	1.92	2.04
568.0	4.29	4.83
210.0	1.02	1.21
333.0	3.01	4.24
159.0	1.57	0.54
-11.0	2.02	1.41
-66.0	2.32	2.29
-3.0	2.87	3.67
56.0	5.18	5.84
99.0	3.95	1.81
1814.0	7.96	7.58
1026.0	3.38	3.43
1965.0	3.32	4.07
658.0	2.13	1.8
2131.0	4.77	4.29
2953.0	6.71	5.17
2923.0	6.29	4.54
1617.0	5.47	1.65
973.0	3.15	1.94
882.0	6.48	4.9
823.0	4.28	9.7
646.0	5.77	3.48
189.0	2.87	2.97
268.0	2.18	1.49
1092.0	4.12	2.84
240.0	1.2	0.92
961.0	1.99	2.76
403.0	1.54	2.28
479.0	2.32	0.91
289.0	3.48	3.1
67.0	3.65	4.35
179.0	4.68	3.81
995.0	8.72	9.88
535.0	3.95	4.43
183.0	1.76	1.42
585.0	3.25	3.14
707.0	2.11	1.85
857.0	2.87	2.31
636.0	1.91	0.25
1463.0	4.34	0.39
589.0	0.74	0.34
135.0	3.52	2.75
141.0	2.66	2.8
36.0	2.44	5.54
17.0	2.15	2.14
-56.0	0.76	1.24
37.0	2.77	3.87
132.0	4.39	6.73
688.0	4.98	7.14
368.0	2.67	3.18
343.0	1.84	2.54
103.0	0.84	1.85
324.0	3.79	5.49
131.0	2.87	4.92
1259.0	7.2	9.64
516.0	4.37	2.25
16.0	2.83	2.13
294.0	5.5	2.75
179.0	3.68	3.42
2360.0	7.53	6.25
630.0	3.42	3.41
1082.0	2.13	2.44
586.0	2.11	1.49
1023.0	3.41	3.04
1060.0	3.54	2.75
137.0	2.7	1.91
47.0	4.28	4.85
-25.0	2.56	3.7
-46.0	1.47	1.33
-44.0	0.92	1.57
86.0	4.55	5.68
1.0	0.58	0.53
186.0	3.98	3.06
101.0	1.52	0.85
221.0	3.26	2.41
887.0	4.81	3.59
1114.0	5.82	3.89
223.0	2.92	2.79
81.0	3.73	2.61
174.0	3.17	3.24
252.0	6.6	3.34
1930.0	8.02	6.91
66.0	0.85	1.36
230.0	3.31	3.3
990.0	4.12	2.96
736.0	3.21	2.32
298.0	1.54	1.46
2357.0	6.3	5.51
542.0	1.98	1.09
197.0	3.93	3.78
638.0	6.29	6.78
30.0	1.94	3.29
26.0	3.43	2.15
117.0	3.64	3.25
17.0	2.18	1.2
1787.0	8.49	4.23
2768.0	8.13	5.7
1546.0	2.99	3.82
2200.0	2.79	2.68
835.0	2.71	3.1
185.0	1.06	1.63
1060.0	7.08	5.78
130.0	2.46	3.04
40.0	4.07	2.07
30.0	3.2	6.62
174.0	4.75	6.05
78.0	2.49	0.88
18.0	1.05	0.78
107.0	2.77	1.43
110.0	0.78	1.15
237.0	1.72	2.05
621.0	5.37	2.81
404.0	2.9	3.2
342.0	4.37	3.08
-19.0	2.81	3.72
-8.0	3.43	1.78
-15.0	4.08	5.14
107.0	6.02	3.85
41.0	2.55	1.99
195.0	4.27	3.14
245.0	2.54	1.4
155.0	1.58	2.04
275.0	1.94	1.97
913.0	3.34	4.2
125.0	2.73	1.48
348.0	3.58	4.17
25.0	2.08	2.56
50.0	3.87	5.27
141.0	5.71	2.71
465.0	7.51	6.47
57.0	2.8	2.5
1.0	0.43	0.59
250.0	3.43	3.0
854.0	4.0	2.65
980.0	3.82	3.54
494.0	2.22	1.57
614.0	3.75	3.31
995.0	4.65	3.34
1348.0	7.62	8.36
1262.0	4.77	3.41
268.0	2.33	2.24
12.0	2.49	3.45
5.0	2.69	0.79
86.0	2.77	3.15
1000.0	4.75	5.24
585.8309333280872	2.0347775111060957	1.211268826433697
433.0474615360767	5.76143648551786	2.7161894634464305
265.3684803213072	2.3669553918059507	0.6012946185787065
149.61178974260127	3.6294186956374057	1.5465247749945854
54.2179565282297	3.800854115678007	2.8048184574646275
92.06798022996551	4.19544439611504	6.208234495439273
423.5045155534714	4.127038014376275	5.344019632022227
2.162253765950107	3.8822920194967896	6.021937798406838
580.7379840995299	3.107565623272597	1.941929237957563
159.29866712257933	3.2570360651227426	3.649368870738446
717.3226080073366	1.79855628220247	1.0211365602634384
162.80700601953637	4.170560519784744	0.693224698083261
567.5307333092042	1.9532798743226163	3.6977175111789187
192.36575162208158	6.898928540218318	2.4841896385594984
210.73222265389353	3.8797262353144624	1.856844868132452
299.8324991591212	3.993070724662603	3.00509951799365
68.47231327828243	3.69537284628745	2.184812728486177
34.0408000166233	3.235270132805189	6.613254672237593
263.37894881498244	3.0388386391792506	2.107526389405439
83.30274700722462	6.142596271094039	4.551099330669858
30.867539195038628	3.6334297955803585	2.6701899050847304
4.753664067378917	2.103015413518113	0.5701105781115503
670.6615445701879	4.743995697494132	1.1479274511288189
225.75660313886846	4.159028053297445	2.302972616781021
2259.537833810183	3.3961950971589188	0.7731049976683744
480.1587530234389	3.1360045725878782	2.4315034561550712
412.19277813636563	4.667590498199275	3.9497772003422433
134.85718252005955	3.1456783308196417	3.18680228627797
20.640723117941267	2.03049500105081	2.7106630422296116
639.4260130634635	3.7055422541056116	6.082695612625586
453.8091560703343	5.2351027639387375	6.154780253580775
4017.8847252227597	4.742304676455159	1.054688037694778
36.612624147278744	2.7933743018140436	2.144169433908761
103.60761822089573	4.8612768257316	3.9161869264976845
1652.1658578210263	3.553702397728977	0.750849120348257
86.9374144124022	4.152069571668354	2.3011098307661655
474.6198460284801	1.9581297440969678	0.08488885985861508
1225.2611271406893	6.247818629086842	2.326761906430699
155.28507405036586	4.7516867195377746	1.0934898986604207
349.06109269088114	2.298222480072444	4.160138017323267
29.549896115398283	2.929397280446539	3.061389896829171
131.95445415923018	5.086953394259039	3.6905052270051466
700.336667827801	4.116241306515928	2.1457048443050852
110.05301138527382	2.6296871535397788	1.80495460441632
148.77736997904876	3.477186721408775	0.2706069760546064
129.97122689805542	3.2588666958940298	0.3157836735728195
1061.7154053667048	1.980967242233958	4.451502242561893
1145.5690945099034	2.0450132311420846	1.1356779461009132
1607.7491652072897	2.369285737031154	1.8917272035127322
1083.8215286626817	4.09995182089568	4.0523437445272705
508.5252964134303	2.1734995977416642	0.4372003663231052
116.12108090387021	4.919246113057629	3.06335962249666
115.35286945071329	3.6556975590847043	2.0390548882021724
10.281901460779288	5.383080445969391	3.450866450999171
133.00349955208924	4.356409832331858	2.2671323743072964
234.49152607859727	4.089056222883707	2.3039517406422787
9.79151984672076	2.6752100010578137	0.8462079712497551
85.45616910465118	4.799949996658794	2.120783553744144
1878.2401537271944	3.395254940882723	0.2846292113973245
797.1103343422035	2.3300269607764865	4.328144165947357
1843.7739533899428	2.063761950589973	0.09454214815447154
1878.1702171309664	3.2122781454497367	2.4366266973989705
624.3320588264404	5.626002697838317	2.2801299896750686
326.7957599675634	4.46647985234274	1.4595093770662515
138.9115863648243	2.342678955452205	3.052533213722663
59.080676441771416	3.4113687515025015	1.428881030637868
-36.34060293686711	4.2069408319503445	1.8897635042942522
204.74847837076715	3.832642732807403	1.561023935273259
129.7669144416556	2.6334814681278935	-0.023419435607838775
1.0405062434287624	4.584069290937705	4.17294092859652
250.3521805703929	2.6296461811756293	0.9035676482234529
356.8771068446723	2.503860996124698	0.8948281746589876
344.161075673394	1.9850537076701293	2.474587104370891
1045.9409327810674	3.0499119950517577	4.088204236297765
313.31327958139707	3.0974177120611954	2.7962297228130306
329.20675835106914	2.8838524692625898	3.6757237996151786
27.867491915767705	1.782524460461845	1.380719739631345
-6.081452670334437	4.749644596409666	3.4521412011538835
-23.88944727058691	1.9973542957666155	5.776997333666229
-1.6076983525158077	3.8319798806583663	2.196084815874124
37.66096986745035	3.2485147637915617	1.2503738293162099
388.54196359845145	0.7449714329872419	3.883781849496964
2.5327050555331714	3.0555641189010916	1.154439952886141
1556.4870981055442	2.1665427049702535	0.23908327690245518
343.250323696747	4.98743284401728	2.8681206295985855
363.00906787442796	4.134112237905318	5.359971958218427
1860.2681623841556	3.6404017835241294	3.9419720712465494
113.58824642613587	3.2555031452803327	1.9745354232552652
17.823392910323953	6.430394277218017	0.6374490892911883
57.3128945322074	3.8084093658235356	4.594592629146718
333.7678272651732	2.264336445504899	2.15395149912358
-53.224667261487554	3.76173912781085	1.8319161972765152
19.32990239791428	4.428677514725298	1.3165621523499174
54.69270677321736	2.6189202479687688	0.701347954715657
193.52239455867692	2.694757349909927	3.4428397180460766
334.52260046729396	4.919825888100665	4.044117071228202
270.791797985116	3.088341249247525	1.1361402534153746
922.1487350914305	6.188949782861043	2.996655087277455
1990.4906519238789	3.6528641962466075	1.2602464887933829
356.22394999650095	4.60548911046542	3.7612182103217435
53.34891496482111	2.6332144886245756	2.48621027994236
191.27515273900426	4.043052447037286	3.442984018847365
116.19487785477133	3.335199408919961	2.1332509406895714
81.63081834245567	3.805446145916932	1.7630147201299904
1522.2864831491781	4.501401307557525	3.5044413005921036
296.2942692660107	1.4385729619424314	1.0894646861768573
711.9161171572008	1.8126653915933886	5.448711911982432
2551.158857373346	4.691884421295942	4.38241911611963
1778.5994139171698	4.629247298037754	3.2085660433479606
3035.391159948943	6.709065654358726	4.277269053900206
556.0999466852415	5.3483823178254974	0.3016964153772598
145.82669770718334	4.30074448835824	1.5575319131376113
220.74844435822024	2.330046671266835	2.107780138473383
-0.4112723103166655	5.118384957934647	3.268045493016143
-5.75570158511331	2.781140351361395	1.9609802549446014
450.8981750270401	0.531580836207509	1.0701544518178634
240.9682936433395	2.8388034035224226	2.3636347096255528
2250.0400097910897	2.0706483036842025	1.8917482158504435
62.70886375720564	3.8214326019740725	0.8483179794377684
1850.5630443944062	2.7143450828076827	2.148666969329226
198.48156721245869	4.923146743697107	2.5402688807207983
390.79831571022964	4.013867837775893	4.348734152889767
827.4761911650088	3.672279128455977	1.1263556540727848
374.070734578995	4.3982487107276516	4.06616874224556
-0.7985500673954853	3.3698724304676215	1.7234394354317846
1071.0039469482872	4.281388921558996	1.1472154468070088
88.83631840831372	3.8622821551781765	2.1417928356830536
2847.2470615497054	4.73372450917484	1.7942587115844457
85.34552748676452	2.734236758594345	2.229008957835406
839.1580332851565	2.5525636262774274	3.282072365061701
327.05144106605127	2.836762148094608	1.7542895631683009
312.6029632278492	2.4760034005156584	0.10704382410111271
473.6078435264424	1.9526001173468202	1.9328806747283989
988.7272573088594	2.5082331257671604	2.8384180064075153
1130.9160385755567	3.1401958304218813	0.21155583253181756
134.79541715911012	3.5107432023146714	3.797770792035366
-45.6137653923942	4.27897072544904	2.575879248319816
759.6233989907598	5.2749440635020735	3.4289654991945304
238.14915775892854	2.4656882584255118	5.443198907102359
96.48555831436286	2.340889977246395	1.9536906420190818
-21.791904088406245	2.669857039331768	2.9919798738801693
58.77580786858922	4.698410824605803	3.5787323584088666
92.99110654441087	1.783663721900182	1.5936541503445587
135.59120574356712	4.61243118494583	2.1872196417164957
986.7914877455293	1.8760022766416518	2.7990872427730817
674.1084650465718	4.876811629037414	2.294495426198497
2828.6609127180964	3.2895525978993443	0.6511799405667967
134.81421755200464	5.387051339744126	0.5185968210672057
112.31523449426113	3.456415325914091	2.823040613290151
200.4696225225634	5.651232590456198	5.438943333203594
-18.765252444428185	3.1535739650919696	6.5042178216087505
29.448997830535394	4.602573904977235	2.9843445429400215
181.836797947804	2.0145771535925445	1.3104918567714128
80.02007590669675	4.400228564430212	0.28988133103059954
707.8557482006079	1.6097241167964544	0.5148360791532601
86.65724884131518	4.357590223761578	0.8994590273956695
239.25979370562249	1.9742674665868336	3.045038977590411
995.4355212576173	1.9228844003427936	5.642647792016408
897.1137189071546	2.6168404956665468	1.079707752819904
370.12945782671153	4.332573331491255	3.828631841881086
877.6070102411585	4.315922806843255	2.8099074052161503
29.514220279878508	4.475805374337801	6.59282061424761
32.877418494705545	2.5332351234513824	1.866997918374612
-45.99593109587475	4.877237928788468	6.521344052412013
37.50843154869396	2.960262392987373	3.4681065954840538
285.33588618186917	4.632710037730754	4.06108136624439
2368.125128467248	2.929355184769354	1.0415358609511012
125.51656024301094	4.864722345020372	3.1671693576127398
1716.2533129365036	1.872442864874287	1.467669406039389
505.76907172838753	3.3894939949718594	3.0171039647065463
854.387808963563	4.242155782469674	0.28530957348194863
134.55566879134392	3.153900111054626	4.298577819566504
717.765843085481	4.851759683053152	2.118644626767542
19.10608115058107	4.063135509613795	2.6687405179416994
-27.578438878316884	2.1927020401135913	1.8425181923685467
3223.289524277353	4.321616790410694	0.24642364548791254
22.890048783356814	2.5422079379050992	0.26956103080644545
221.89252802094458	3.3461227404058307	3.9361057829696025
685.3136274210201	2.439457189066044	1.1788799772266065
792.3906647928396	3.4155676943715414	2.6420412225343792
1687.5010075352634	1.9820235103776649	2.3349484519030574
1121.1775224471194	1.7439705107060324	2.4134008344597464
1772.6712102606962	3.6750112386772433	1.0854429263666674
287.8448406959702	4.34710325155131	2.3049700278443637
19.063148271074468	4.21235187558721	1.1060507055733724
1.2713608280136246	3.2681957432660207	2.9344322739208004
-12.695854594421538	4.172235000252571	3.0963232994233882
1126.217404568763	3.7374228257301927	5.379838908624702
40.33660563991876	1.8230313487277974	2.7352674323144446
0.15025463670384492	3.2616889420463417	3.22878145247526
997.5084516113352	1.8816645843409947	4.091582014856699
124.42656288738686	1.5956570838105608	1.0900755532368225
1495.6843128298337	2.4415906781165626	0.621098814691327
389.24310855124986	3.1125626704950595	1.4668272504337618
422.20557502339904	2.136283348420999	0.5010219188308218
1313.9863908955454	3.5312774974875154	1.6630686906040606
325.3933888830736	2.439147118545715	2.360438638374332
0.27123504680282395	5.465842667413286	3.4220503454132793
-10.085376813151438	2.5100379074944477	2.1312533286141315
76.17614380817537	5.718398679604846	6.329443524305242
23.209861642035168	2.6693309165460137	0.7398198062454215
1.0876179042830796	0.9831708582792684	2.291281894389312
247.65187293573229	2.5223461820816175	2.9425402310120177
825.8972137731504	1.8815264423618345	2.0414960348918734
2896.1837281187604	4.520792983016894	1.9108392337834088
767.5733279512825	6.470133404689005	4.232680129970655
2098.90474498034	3.722024119033377	1.1081388489579544
221.63276478971213	3.5525168110561998	4.090860717372217
240.13030962017265	2.1117969807444865	1.8807756885965794
990.7341268226287	4.50685255503159	5.507209261155285
183.72818726222988	1.8911468109024019	2.1459634569401858
19.726164241240784	3.4099459594845714	2.2665395907305372
184.40890686854345	2.903210985130195	1.3043929102356493
154.1840821842939	3.3723151458405063	4.085110981225641
579.2851672125432	3.7869820969838974	1.306220402799727
792.6720350082711	2.894934646693037	2.3077955049435386
248.37793445476672	3.7446711677447677	1.9714833796419937
1930.7545295696193	2.9791652067151047	0.02267322845526263
80.02549579697876	1.3152146700278704	1.7302260386165687
223.51644048574062	3.1319205585214567	1.668672054328697
260.21369312573256	3.2699256607673264	1.6681624727975959
24.564781965661062	3.86596434794553	3.3216268807449025
233.96883679100736	5.085756082983499	4.9946798965341435
416.4555728527465	4.019623881711979	1.942796640087595
494.7786128452691	1.1397965916185242	1.9260269588068142
21.165367225029698	2.0898709828643804	1.5363794511425624
1523.27989949412	3.831676569815583	1.2335832675284375
825.4340827536153	1.229156030179003	0.8239008818287208
436.61990575795215	1.9093154752714045	0.1219954478907225
915.6057128656656	3.006234802977299	1.9327105418820167
994.713092501462	2.612755965365868	1.1022623843867345
1510.1370691013526	4.450740522083872	1.659190288429292
490.7023739526802	3.767913768794829	8.077706292776945
1102.2252453179203	3.0921364288941655	5.5695812377669105
-12.496636468029209	2.193825225201311	2.4975259898092546
139.0820907530377	4.871786495521218	3.4560221319554407
75.36551125839459	1.7643046527802269	2.110262011580982
18.06021683072545	1.8626996955513202	4.00861774761582
913.4279378807166	2.5050611389502135	1.1965407478170793
170.25646772408658	1.678973194254469	1.9029821987672115
904.1073783415683	4.251977862008322	1.8658324676699454
3119.684731843323	4.1327080366721916	3.0362248271014094
510.30247543639575	3.948334226667909	0.7020077655057761
244.05527631634823	2.75910618696394	2.688191918492221
71.97988679564797	5.478708865438195	4.679255942406749
5.8565102416417565	2.3800557661287525	3.370592010288757
147.61431253082637	4.811710430970464	6.34084767327948
-38.037203762750956	5.738140622832348	0.1998937244032755
1360.184439763833	1.8563965926134058	2.283002058010437
0.9106624673195304	3.15859387388143	1.8265008858665315
63.44681702125297	3.8417772938183017	1.3339430759285862
519.3104234927413	4.624710627882767	2.822959897065783
2128.2936452884	1.74207919487692	2.4662817055699144
503.71984507945797	3.161767248230622	0.02769499672755833
482.0751503150067	2.65700182971684	2.621525038233908
156.73390706525663	2.9116967569169243	1.7895040399367075
107.22120587014108	2.3555351258929536	2.0990217535440383
254.4464734961423	3.237100461613445	3.3960455407376564
681.4944826770889	2.2099649854381545	3.3595865407171615
70.65557873065264	2.1846525943875257	3.0620365833715377
366.0340309924525	1.267830878977645	2.3068468455226254
787.6052018065197	2.851943187635019	4.00312721198227
146.65923214834584	3.956233421099136	1.2179305107402043
1811.3656844480436	3.2451247138906614	0.9248336372144884
416.1353352666093	4.372066513749424	0.16534261722045496
1059.6286594376486	4.827697959471285	1.603945192914852
955.2752376908164	2.56042580810448	0.6470516365390796
131.51680083162842	3.1382708068162755	3.0201939058395655
1569.7066529439885	2.455142719354039	2.2724108170516444
43.46217865582677	4.3008519009552515	3.311296181874361
27.97462977622865	2.085879066840867	4.046184182325191
101.76815156291256	6.600300299067829	3.718548413671771
1265.3373173399914	3.4276916135385744	1.799845992537926
284.37124922673274	3.7067645814627	2.6978067457550283
242.6574246018484	2.502401778365285	3.4655866872400907
1148.4859480224993	1.420525066838533	2.3853821834253885
228.144429165467	1.9184705783860145	1.9498312880770061
668.5455096217061	1.6543989922890194	1.9530927746186608
664.1699829415855	1.0202217823673525	1.0433192231283088
136.07101589869052	3.3617442316282156	1.1573967617307361
460.29657319486915	2.037807132054027	3.0075925161486032
186.31493483740098	3.26949257717534	2.559780652178519
146.79057251699749	2.5966709178567577	0.7191382053753612
11.264767353550877	4.360024445731806	1.776271458590424
-3.733009124490999	4.1343951192028445	2.0012630125647064
190.281414154225	0.6808464689147269	2.4676769927492312
146.46163001571878	2.036256494098863	3.4709976041803325
801.7866653156507	2.8606724241335386	2.2610345998780295
483.432270767013	2.152775927842883	1.4632335581223799
1388.6806960105785	4.4552851189983524	4.096397785070011
941.6778008347669	1.7623849615524756	1.0101069515139471
135.10876707894926	3.1597190337363275	3.3302429972645062
1655.5376349220787	2.4483405390710895	2.6908355017816987
523.5296178929306	3.214679808868669	5.345074824500259
233.33737279863425	3.03479228055797	5.371334675524256
81.34229274631042	1.7575305110334984	1.7958053768790794
797.6080829043232	4.4053700783582554	2.272283363245225
105.11509831516777	2.1664620009268507	1.0104404340477042
246.10924114779	4.346223560111841	3.448874835578931
1934.7039897061975	4.803487951357032	2.050990791066533
555.6284497463932	1.871515525467744	0.7172377781964641
229.4526175196402	3.0379879497639255	4.110147619179254
106.60316493887996	4.808475924697893	0.6096045496042886
138.43765150001124	2.7143990832357057	2.6839702523679163
190.9059493644383	1.9243034076354741	2.8811857037348987
-1.532100930579647	2.0786893144672707	5.329650435896811
-16.206392680828795	3.1867217492414692	5.9041453956069745
7.04934826401827	3.3121780350485066	2.161026720762461
795.1189250049547	2.7852623828095022	0.03085170687853639
599.4006848385095	3.3563993709188913	0.7415230175912083
2763.515374321295	1.8454325459752954	0.5887943451123493
897.8752884278422	1.5687006218652728	3.9756004423873317
639.0681610867642	2.587908365710652	2.505802008782615
1279.5528521801582	1.4991773517970042	0.010570693540574938
1751.6123083648672	5.250990066569222	3.4000784642404867
525.613725907026	2.8186190959241184	3.993921040113353
89.20758484705664	2.433108644824965	3.3186681297517513
30.199253396503515	3.19381242898394	2.2632614856954074
24.893777477810247	2.3268037680358464	5.06580459156965
116.12267648097928	5.8793126591789395	5.77254454464653
137.64094078158155	2.629086365060617	2.055374039875923
1578.5356166402341	3.4680720793803483	3.300437599045239
47.9574692547199	1.8758770561878857	0.4397752508746291
802.2875485992023	2.4282511198153207	3.2519747664732765
1446.5676528706526	2.42199933094984	1.1114047044106503
477.816971598861	2.8434125212969628	1.3616767894895023
2464.5721989500903	4.366248894606693	3.2220629100418363
-7.62584759946087	2.846456082039268	1.5561264711627523
214.13037296537334	1.422950609486049	4.128291585428678
705.3566682730475	4.697619373520653	2.233697332451169
18.815725780693842	2.7359936277556653	3.16901192046935
9.888801124703187	3.8758288060014157	6.545350223990393
42.774021754732146	2.88961198165589	3.03283568846709
135.75119511166974	3.627329402204386	3.9288237159888975
2469.5240269408923	2.6362873982820556	3.5553997963340858
281.6415948324067	2.1330014985007897	1.0225169459051335
1572.8308955492319	2.305784638830399	1.5018727274676438
765.174972339548	3.098877627997344	2.499528543997012
88.5842581171074	2.3766104637931593	1.3506552684123971
239.01770672115413	3.1506475089660713	1.669839515115437
-42.965821850461005	2.966971119057022	3.8551052070656304
58.90455929334105	3.3349636890914267	1.099235558964343
16.401843840075273	2.078526402966117	2.1478361392520102
171.45088989700798	0.48711367698417224	1.9353682324625225
81.66397870156754	1.244469754499802	1.2859237508595263
26.571952104003728	0.6899608210881053	3.3087130720479676
142.12424157015462	3.8201865365857315	2.073112388164297
1047.1876627411675	3.7585681909066038	2.7929790426371413
235.35897575573225	4.052255868746006	3.5553877493022594
360.17765573448577	5.713128982466216	3.0061152444779546
874.7513771718079	1.7899874518982908	1.6059219245367895
1026.341241953184	3.5436519081201103	4.172873059669188
315.4490530151977	3.4266090795516324	7.6858399554773875
215.8403042145138	3.3780364085037538	3.316693340574156
156.72401297002108	2.1765980865876005	5.880755241636072
9.397390020070297	5.997871275211735	0.9965310246060062
85.99103942640662	4.533519063209922	1.2665716175415334
5.7811260349941165	3.281943474580404	2.5895717327703585
1007.4754327259046	3.801258449664087	0.9545463713644537
367.4080693763534	2.098962926968836	2.0457166296138984
323.2102662275498	1.9057319116176323	1.934272544153177
648.8576922918645	3.6281806228674816	0.008023869482125008
57.832239023298776	0.726448405146894	0.736883796772049
244.69660312726376	4.4297520738501515	2.065290156280435
162.35562741908691	2.6630998514170283	9.084327540149287
74.92544287041834	4.2287132641811365	3.410481592886043
-48.18994893317149	2.6840938018752736	2.147088882583486
-31.3023883926328	0.49686286082383285	1.7957734122667235
179.00490904999205	2.498375316725719	0.7163797653202715
140.8306390176694	3.17557970924262	0.36096655059375465
1067.436351533317	1.8437750103878472	3.36086131681096
652.482254447008	2.220767894955912	0.882379644336857
238.0953408503123	3.2499957838329205	0.01256170994339055
1935.208946993173	4.238335338176764	0.22493622869724936
93.11581018503176	2.0678165367576833	1.4471673483253134
214.23028670231383	2.6080031192898483	3.777971972307316
35.393533177319256	2.55338651378805	4.2401951803843
1124.1918731014744	2.339946750834107	3.6620451554654174
343.5061983760934	2.2080144790167466	3.32635959637637
176.07233841051183	3.8435189903135623	2.079290300573594
33.145929853934284	2.903774891448758	1.7092361758706902
53.37510185970922	2.844107948300435	4.053802088660144
326.82294686306244	2.655815706072009	2.294057910937173
348.45891494701215	2.328372784187369	4.405590092278709
221.54098823827826	1.3640269352726802	2.613092503474005
1522.6447404582996	2.9972698600920897	3.97401831684363
87.10561128664975	5.347226158970153	1.1434615379166098
146.13469656670787	1.9776106173583443	1.0429177354628716
16.673192494552275	3.8362556651251087	1.9851178315249776
183.06418715465475	3.083544970529727	2.5097375078584845
442.75526730141695	5.148265490135935	5.298097169746255
-58.9372601760877	1.7655866159413496	6.465710218009728
34.67562117098788	1.9798956449994767	0.8744118548285528
87.8928518455055	0.5463661932951327	3.1253828003187545
132.15690987320048	2.275689557864611	0.30063835511940623
2688.3639205669583	4.128060336288316	0.8582466104732419
576.2742125161107	3.8812080041023727	1.5749951589860358
994.885306530191	6.073780032481747	-0.03383942632552647
122.42781653329764	4.650129013740067	2.8106148899169026
219.25290160904936	3.7352379545994614	3.4501797433590853
95.63539894936059	4.4411083429645135	2.5661475219481304
-1.5140079928789532	2.487924794296363	5.468235198796244
162.0703382459066	1.5475380210757235	1.3904232238721128
2158.750793475259	0.4719477777344901	1.7043348268572889
674.1633696749367	2.67434853501123	3.310975400574781
0.5493152003234909	3.224380426344988	1.0295457829015042
671.766853382101	2.709847156085984	1.4328195305969653
760.0031514611085	4.38364195882754	3.7755673025561243
317.5339689939894	1.9640368104195909	2.5019139802997477
391.0701078699867	3.262442397446764	4.49489848912331
1946.545549176257	3.0353038853982675	0.24414461633443943
1552.9757229713327	4.51470363541679	2.3279661137238197
805.6105414824905	3.6796600878734593	8.30305053173383
182.92368013946214	3.7220517662760026	3.352686046188098
293.70451583530564	3.7278482998391915	5.155230423502157
411.91234746602424	4.046465157533642	1.6521880077249766
70.51950194215048	2.2257256567986285	1.2759990641935337
1652.3579227540874	4.086923857297101	2.4674752226843255
638.569872781568	2.6491653470830636	0.19661690423121264
30.549749846498294	1.9660618861673451	2.127725515379996
586.7519977453346	2.53926845225621	2.4897343141906627
784.524596270285	3.0088050011698853	3.959525239031642
103.99384635322536	4.588110408983204	0.5120952253609967
325.7525360324463	1.423952121077183	3.5023284726138653
5.042960199223398	2.473458262038587	2.09349832092846
1176.3801184555894	2.9849708130514148	2.2723437969065823
-35.37054471496569	2.042504245786589	6.4939427803371235
-25.502109073934704	1.2163404719339965	3.2629495962347916
21.524180266513127	2.896376279295866	1.2672886868389703
140.96451180455114	2.493285559587937	3.1566670006683473
64.56118058984865	2.6514673240713007	5.155443052682625
1545.5669643654962	4.333635637295743	2.867898414607729
337.4590689719014	1.2443266803641633	3.4353769607780933
3184.826131697142	2.0282732912894503	1.0379615931041823
893.7923451691485	1.110065134223419	0.6117538715324283
134.99633751691468	2.7997300209396445	1.0916395829704795
47.50073664760248	4.440016084544757	1.4270196204675847
56.966334855429324	2.811546898180899	3.313239066405822
124.15925766944576	4.8420948501329635	6.38459572552366
-26.126225290597276	2.0618029139998773	2.8478479272686106
58.24029855794273	1.5870618839562391	1.17170436195996
25.09688518165658	1.2798027981000895	3.058802948800648
707.9950436834816	3.8124820101126966	4.866383821893459
2599.551248389309	1.5683257285411885	2.4245050784679254
142.62491650590385	2.259604188071223	0.0956871171192168
3775.887575485277	1.3860927910667102	1.2655055811221891
483.9469683944207	4.645312737658503	3.2147568354483305
886.1559721882794	2.9994134077923724	1.7063464493675031
21.368290006432126	2.8891865703169746	1.252017345203194
35.70855308229215	4.559829054441846	5.988333212864587
302.07768515967166	5.077851595533374	0.5598806679410939
231.83305347709492	1.037207119026247	3.416339397836556
-4.206553095413982	2.556260252419058	3.435018783798517
57.55628553399136	3.9877762028265273	3.285918132678899
132.31418652769761	2.0544773910130782	0.49392311489115504
627.8534901415128	2.0496829072809244	2.674473845055619
591.7461443984362	2.8153310286456796	1.4375964415809568
377.1916432875814	2.2566642534359764	2.418600109427577
469.8088223780795	0.6034499491379356	0.6154393525423948
1403.8885688463795	2.8684510915150088	1.6731581364538979
341.9006086597608	2.6949841437586195	0.9676901964624651
-0.7595109368459902	3.888660490098959	3.3886398488753215
126.95806844584483	2.7028324232209666	3.4867899560870312
102.97803034487907	2.554090015759478	1.5724594174647595
323.9806651340441	2.556137579320141	3.4278890453353785
0.35742107197773937	3.6812756855383917	4.017338969548957
248.56400164813505	2.6978381935844555	3.0698679552933847
1160.451418128089	2.706905067226992	0.8570547620179345
227.21978741073696	1.5596740733057146	2.4737139346104433
56.20110995218164	3.3053643321809267	3.0034917023042595
451.47506686577424	0.9001836706543126	0.2063404470699285
1021.0064087311301	2.769456302498104	3.4086600003257144
219.9225686504336	1.3388870441816914	4.6568618689467725
527.8806985047426	3.959430191868822	3.276654598485152
27.345667559738075	4.40889646223256	0.9900762608361995
388.68141610421435	0.49739408603160873	1.79255644284729
191.68997588515586	2.67003746844198	3.4293831976777827
74.78613222487786	2.168381074950723	1.468512764159742
245.53180742901245	2.5877837786587348	2.1815861452651393
99.62113609841522	3.8046098741238934	3.824052791220173
1396.1114958868704	3.1127135485905955	1.442159965710916
84.81175344311646	3.0035082073909596	-0.05206391146331499
853.891932674818	0.9301761795690856	1.1975347351642605
341.5721783117892	2.378122857269484	2.8997948725712304
67.35817746155872	2.4426186332122404	6.709245946958645
28.411120577288163	2.8823358140501867	4.613017034491412
527.6100649601955	2.8594249612060985	6.197080159877327
123.7122910871315	2.007845939311959	1.7500908241162454
79.32643190428274	2.674229372107797	2.2790241341255784
84.51000634714825	3.308079253655127	0.6251647682573271
682.8951089009144	2.632623518641067	1.1760096083027416
232.04514975510372	2.87151670797089	0.03379186252264773
1805.385980373151	1.8681752561645897	0.09645784930135763
299.53651355214237	6.258636051657746	2.781000380020341
884.0618270571117	4.722046790719015	1.3141790538230398
146.97505533938323	4.354793674881311	1.5266022010794917
22.43284398531057	4.174249389042634	2.1729270793518274
645.9580389626341	2.5931375280120053	5.617617001213216
126.858303965927	2.6419528459344575	2.0024027110656584
18.201105246153723	4.781360869274543	0.21027390327993864
73.55595996878664	2.5878230073290127	0.13951839475955286
5.6245417465724765	2.510022924160782	0.6220142366812056
379.04159121251297	4.043594647694007	2.9716843849946826
811.3101534037875	0.9477153616196319	2.3521651428599184
1098.4404701882065	2.982686997365725	1.6943614887584535
415.0721293290747	6.1876216745219494	3.1461590159093005
502.1034557371778	1.2097976472816718	3.3578922341414783
142.80625059018934	3.5071969776623706	2.703899279921798
78.25443133143746	4.2530763429625225	2.6531192210866115
52.85139553331312	2.6811717886112216	3.3882926623748877
152.6097011875282	3.1564171070801463	5.25257687602828
10.38878990817422	0.48002213626068696	3.12049825521691
0.5042264675315474	2.187460259753909	0.5711047434520642
1.6259966247391537	1.3945502133284318	2.460616471386512
553.6497586443146	1.8471011523191725	3.3469427614166647
1453.5720593436195	2.0648211704983033	0.8972609996119829
469.4105839540832	2.4568085907813044	1.9471625206018393
1079.8745154623116	3.3095436580341837	2.780885018532015
519.5467328816969	3.1587216373903666	1.0909022997847266
144.46991855129207	2.7569943533301715	2.678377381099304
67.40536364432288	2.2037361270247398	3.1146547417399373
71.47830072682234	3.4724865128879103	3.2399735472525055
727.8601948659199	3.395782168684579	2.1496995862274413
-43.329874580613634	0.45299864813688406	1.7945591925185513
24.979539909775994	2.2558521836953878	0.9227869659431251
83.93871505532617	3.1973464965075764	2.317236009406278
1041.8522696721889	1.9234972695183918	1.1611126629473203
2427.300811885549	4.1169232510986635	3.03067071788419
2143.915846020086	3.0887788433091967	0.3066836552035078
939.735261156927	3.0634890308012683	3.0001468638899995
2236.9926903901105	2.1575551180572456	4.298952045820616
328.55989802061583	1.7171154732970861	1.6918890907038135
188.76688715511506	2.973022086948848	1.6819666587858428
31.719896557809562	4.1185533480597405	3.6463798437027126
34.32267300791225	2.804735646995218	6.132163205394214
3497.615118714977	4.8784761644589505	1.8825543627905852
79.72989635090181	2.820416513369026	2.7588817589595904
81.15245978258449	3.2030496374486286	0.5918024289045669
149.833812183155	3.8379379396521687	1.1311337932004637
2006.3843839538624	4.585290439618847	3.59213785476896
1465.2996215240387	3.6661128050903744	2.543874799061822
379.1892978044707	4.228773044867265	1.4737622069187828
393.6303179201979	1.7639502585870712	1.517259678967099
525.8560683434307	4.575680912988248	1.497900241795002
948.3293006902513	2.6948738700991104	4.647300371066089
-3.0338102369552993	2.8736047955935358	3.306911655094178
1089.9988074252412	3.878713359682975	2.1369779466481127
96.57019821621296	3.9777663908467873	1.7778433958439792
150.17383734012344	1.0070591299376677	0.4431645490919278
1640.5445879801166	3.404659943001135	1.4144091633588205
48.305347109125734	1.5381354384974026	0.8531488718948683
690.7741608750991	2.1845592135708	-0.04267041459564864
596.5168967487342	3.7783822220323335	3.5065548034803267
902.8277840955998	1.8040463938537439	-1.29234143139949E-4
185.12509801292364	1.1003280204655101	1.486325914597484
3.79694826105311	4.59278706146496	1.5339271314444163
360.93677867896537	2.040707345253316	2.97128157371911
-7.472576225686307	3.948428637574484	5.146773061650564
788.9799253766053	2.2172843868629877	2.1511516459634743
-1.3570729636128191	4.842411988568133	6.493730651405873
41.48974441565782	2.5754830415029697	1.9896040350585704
130.1328900395518	2.147637216102135	2.780485340035315
354.54266803503805	1.8466910965358676	0.1102161504883411
1135.4103596193825	2.0192400541676974	0.834149852809239
463.0649033593758	1.398092333523611	3.5458526424209373
1562.7968076077182	2.136716042889627	1.6882090369653664
134.6949044625815	4.87415032073433	1.8039492376065926
228.68583714071383	3.3908714945268135	3.9749169818239274
65.07716796135946	1.369262383105643	2.564883943797623
55.94742035797187	2.401793374029457	3.372392225563435
-3.9663041642688777	2.041783564842475	2.1419556902187673
93.15566802773758	0.5243615736111039	1.8566844170657495
132.95519137970126	1.0091923151981987	0.10987910670392322
130.37050712411164	3.461871426477211	3.034134979086257
839.1079428029961	4.021478989749262	3.250590671462499
299.4291231539953	4.1487742995088945	1.8243773339670573
1142.1845041017127	2.924227064452975	1.4334255703445422
684.2680913825578	3.2609734696867205	4.236922734403348
466.50949601385634	4.607821600103567	0.6344491231528513
208.56758217982605	1.2384897533485548	3.6608086280981493
299.0599755066612	2.9270613155282	6.718326679608147
-0.647978026856741	3.502713554824001	3.282143255759331
-7.98158858674832	3.1861835409720705	0.3887891083125407
69.1019076709179	0.5240381028123887	3.261153572543552
1.023130285712112	2.9031719075893005	0.015446197496527
1769.6735659514356	2.487953313829343	3.0525906163761403
72.61276654096388	3.9129320927111513	3.0728722668691386
1621.6984385825567	2.4550961657567396	4.1016727922811675
