Flow 	 Preci 	 Evatr
816.0	2.03	0.97
2394.0	5.09	3.75
3144.0	7.49	6.64
2366.0	4.49	4.02
1499.0	6.44	1.67
357.0	2.67	4.25
71.0	1.67	1.01
59.0	2.25	4.11
-35.0	7.25	16.67
98.0	4.48	3.46
331.0	4.8	2.26
1757.0	6.47	6.19
1884.0	4.64	5.52
2558.0	5.2	4.64
3177.0	7.66	6.85
1981.0	4.48	3.45
1079.0	6.02	7.84
221.0	2.04	4.78
1006.0	9.82	13.04
424.0	2.12	1.01
25.0	0.55	1.64
76.0	2.93	0.78
53.0	1.35	3.3
339.0	2.67	2.9
1039.0	4.61	3.84
2497.0	5.37	3.34
386.0	1.39	1.3
87.0	0.46	0.2
248.0	4.79	2.68
-4.0	2.23	2.08
103.0	4.68	3.34
566.0	6.39	5.56
101.0	0.33	0.32
31.0	2.85	2.04
2565.0	9.97	3.82
742.0	1.39	0.7
340.0	1.32	0.54
453.0	1.87	0.03
1120.0	2.98	0.0
134.0	1.1	0.18
149.0	2.73	5.76
-52.0	0.84	2.77
24.0	4.2	2.48
709.0	6.99	13.27
-21.0	0.53	0.62
-38.0	2.0	2.34
63.0	3.26	2.47
610.0	4.1	4.52
1919.0	5.88	11.23
1908.0	4.23	4.98
2274.0	4.54	4.01
1776.0	5.46	7.38
305.0	3.08	1.51
103.0	2.48	1.48
31.0	2.58	6.79
-35.0	2.71	4.48
194.0	5.83	6.68
-6.0	2.65	2.2
79.0	2.48	4.12
241.0	3.86	3.45
784.0	3.35	2.03
607.0	2.24	2.5
259.0	2.09	2.48
400.0	3.48	2.02
229.0	4.97	1.67
48.0	2.43	9.58
11.0	3.23	3.47
-3.0	4.12	1.8
85.0	4.79	1.8
172.0	4.14	1.9
558.0	3.85	2.71
148.0	0.76	1.18
340.0	1.7	0.67
2218.0	5.91	0.59
3239.0	7.06	6.39
1743.0	5.61	7.17
1457.0	4.42	1.39
723.0	6.62	0.47
981.0	7.3	0.0
1151.0	6.3	0.56
239.0	3.96	0.0
904.0	4.91	0.04
622.0	3.09	0.1
1247.0	3.12	0.0
1310.0	3.93	0.0
2029.0	4.32	0.1
1079.0	4.17	0.0
1409.0	4.42	1.1
1565.0	6.95	4.06
195.0	1.14	0.0
57.0	3.67	10.38
163.0	4.67	6.64
-53.0	0.46	0.1
501.0	8.16	2.26
140.0	2.08	1.48
613.0	3.78	0.44
2084.0	5.15	0.0
347.0	1.31	0.0
1728.0	5.94	0.0
529.0	2.63	0.66
219.0	2.72	2.06
62.0	2.03	3.02
59.0	5.35	1.0
25.0	3.13	0.32
146.0	4.96	1.84
18.0	1.93	0.12
36.0	0.98	0.12
123.0	2.73	0.0
1174.0	4.84	3.84
575.0	2.45	3.34
978.0	3.77	1.3
497.0	2.4	0.2
148.0	3.23	2.68
325.0	4.67	2.08
198.0	3.98	3.34
119.0	4.19	5.56
72.0	2.35	0.32
136.0	4.54	2.04
747.0	5.08	3.82
724.0	2.84	0.7
1868.0	5.13	2.03
792.0	2.66	2.5
3718.0	7.57	2.48
2403.0	4.99	2.02
321.0	4.32	1.67
20.0	1.65	9.58
0.0	3.22	3.47
-16.0	2.2	1.8
5.0	2.68	1.8
28.0	3.27	1.9
136.0	3.6	2.71
398.0	3.69	1.18
784.0	3.99	3.18
1213.0	3.31	2.54
2704.0	6.9	1.85
508.0	2.57	5.49
115.0	2.22	4.92
55.0	2.7	9.64
201.0	5.66	2.25
136.0	3.91	2.13
-19.0	1.49	2.75
190.0	3.65	3.42
83.0	2.38	6.25
58.0	2.38	3.41
843.0	4.25	0.0
1406.0	3.82	0.1
1187.0	3.13	0.0
102.0	1.18	1.1
156.0	3.66	4.06
1935.0	11.0	0.0
496.0	3.97	10.38
153.0	3.23	6.64
13.0	1.73	0.1
1178.0	8.27	2.26
1295.0	4.77	1.48
700.0	1.84	0.44
1682.0	3.83	4.52
1341.0	2.33	1.92
1300.0	4.1	3.0
864.0	3.63	2.75
837.0	5.03	0.0
230.0	1.89	2.29
164.0	3.5	3.27
402.0	5.28	6.28
4153.0	13.24	2.16
819.0	2.91	0.0
597.0	3.32	2.2
1331.0	3.82	1.15
1151.0	3.56	0.0
1533.0	2.89	0.0
1089.0	1.92	0.0
1712.0	5.65	0.66
376.0	1.38	2.06
371.0	3.63	3.02
273.0	4.26	1.0
-47.0	1.31	0.32
37.0	3.77	1.84
47.0	2.67	0.12
285.0	3.66	0.12
312.0	2.66	0.0
3006.0	7.91	0.85
3393.0	5.13	2.41
4393.0	8.37	3.59
959.0	3.74	3.89
373.0	3.95	2.79
114.0	2.36	2.61
28.0	2.83	3.24
31.0	3.07	3.34
80.0	3.82	6.91
37.0	2.99	1.36
57.0	2.19	3.3
278.0	4.75	2.96
1598.0	5.51	2.32
480.0	1.9	1.46
919.0	3.0	5.51
859.0	4.87	1.09
214.0	1.22	3.78
110.0	3.28	6.78
34.0	3.28	3.29
201.0	3.48	2.15
5421.0	17.8	3.25
607.0	2.67	1.2
296.0	1.59	4.23
419.0	1.74	5.7
1127.0	2.48	4.52
1579.0	2.56	1.92
941.0	3.2	3.0
1372.0	5.66	2.75
441.0	3.18	0.0
281.0	3.82	2.29
630.0	5.34	3.27
455.0	4.78	6.28
279.0	4.42	2.16
-9.0	0.08	0.0
91.0	2.03	2.2
148.0	1.85	1.15
160.0	1.98	1.22
473.0	2.91	1.87
1986.0	6.28	5.78
799.0	2.6	1.16
121.0	3.12	0.44
332.0	4.59	5.83
326.0	6.46	7.89
247.0	2.71	2.03
82.0	2.33	1.41
-7.0	1.41	1.24
4.0	0.49	0.91
74.0	1.92	2.04
568.0	4.29	4.83
210.0	1.02	1.21
333.0	3.01	4.24
159.0	1.57	0.54
-11.0	2.02	1.41
-66.0	2.32	2.29
-3.0	2.87	3.67
56.0	5.18	5.84
99.0	3.95	1.81
1814.0	7.96	7.58
1026.0	3.38	3.43
1965.0	3.32	4.07
658.0	2.13	1.8
2131.0	4.77	4.29
2953.0	6.71	5.17
2923.0	6.29	4.54
1617.0	5.47	1.65
973.0	3.15	1.94
882.0	6.48	4.9
823.0	4.28	9.7
646.0	5.77	3.48
189.0	2.87	2.97
268.0	2.18	1.49
1092.0	4.12	2.84
240.0	1.2	0.92
961.0	1.99	2.76
403.0	1.54	2.28
479.0	2.32	0.91
289.0	3.48	3.1
67.0	3.65	4.35
179.0	4.68	3.81
995.0	8.72	9.88
535.0	3.95	4.43
183.0	1.76	1.42
585.0	3.25	3.14
707.0	2.11	1.85
857.0	2.87	2.31
636.0	1.91	0.25
1463.0	4.34	0.39
589.0	0.74	0.34
135.0	3.52	2.75
141.0	2.66	2.8
36.0	2.44	5.54
17.0	2.15	2.14
-56.0	0.76	1.24
37.0	2.77	3.87
132.0	4.39	6.73
688.0	4.98	7.14
368.0	2.67	3.18
343.0	1.84	2.54
103.0	0.84	1.85
324.0	3.79	5.49
131.0	2.87	4.92
1259.0	7.2	9.64
516.0	4.37	2.25
16.0	2.83	2.13
294.0	5.5	2.75
179.0	3.68	3.42
2360.0	7.53	6.25
630.0	3.42	3.41
1082.0	2.13	2.44
586.0	2.11	1.49
1023.0	3.41	3.04
1060.0	3.54	2.75
137.0	2.7	1.91
47.0	4.28	4.85
-25.0	2.56	3.7
-46.0	1.47	1.33
-44.0	0.92	1.57
86.0	4.55	5.68
1.0	0.58	0.53
186.0	3.98	3.06
101.0	1.52	0.85
221.0	3.26	2.41
887.0	4.81	3.59
1114.0	5.82	3.89
223.0	2.92	2.79
81.0	3.73	2.61
174.0	3.17	3.24
252.0	6.6	3.34
1930.0	8.02	6.91
66.0	0.85	1.36
230.0	3.31	3.3
990.0	4.12	2.96
736.0	3.21	2.32
298.0	1.54	1.46
2357.0	6.3	5.51
542.0	1.98	1.09
197.0	3.93	3.78
638.0	6.29	6.78
30.0	1.94	3.29
26.0	3.43	2.15
117.0	3.64	3.25
17.0	2.18	1.2
1787.0	8.49	4.23
2768.0	8.13	5.7
1546.0	2.99	3.82
2200.0	2.79	2.68
835.0	2.71	3.1
185.0	1.06	1.63
1060.0	7.08	5.78
130.0	2.46	3.04
40.0	4.07	2.07
30.0	3.2	6.62
174.0	4.75	6.05
78.0	2.49	0.88
18.0	1.05	0.78
107.0	2.77	1.43
110.0	0.78	1.15
237.0	1.72	2.05
621.0	5.37	2.81
404.0	2.9	3.2
342.0	4.37	3.08
-19.0	2.81	3.72
-8.0	3.43	1.78
-15.0	4.08	5.14
107.0	6.02	3.85
41.0	2.55	1.99
195.0	4.27	3.14
245.0	2.54	1.4
155.0	1.58	2.04
275.0	1.94	1.97
913.0	3.34	4.2
125.0	2.73	1.48
348.0	3.58	4.17
25.0	2.08	2.56
50.0	3.87	5.27
141.0	5.71	2.71
465.0	7.51	6.47
57.0	2.8	2.5
1.0	0.43	0.59
250.0	3.43	3.0
854.0	4.0	2.65
980.0	3.82	3.54
494.0	2.22	1.57
614.0	3.75	3.31
995.0	4.65	3.34
1348.0	7.62	8.36
1262.0	4.77	3.41
268.0	2.33	2.24
12.0	2.49	3.45
5.0	2.69	0.79
86.0	2.77	3.15
1000.0	4.75	5.24
233.96921429720288	2.8200295647533635	2.7234169243412496
2104.9408802132484	3.0463881233752104	3.26356880108992
202.8822428685537	4.841321015775003	3.5712310929082363
341.06279311575975	3.5293668454303897	2.07203084405855
121.58082864222928	2.462963463376641	3.1681609591073427
97.3881095564709	3.3599067923388417	3.314961203946503
815.7457989211294	6.086876502690825	6.631960274198767
-35.51954147826814	4.0259154506290535	5.858919071575626
6.801606632871987	1.9453586625915174	0.9380558140031159
445.51429659762647	1.8228983077057959	0.6886092046765667
665.1744857758121	1.8462963823854401	2.9283499610409787
341.05070234226906	4.212606403268266	2.035128841639664
2043.1678184480152	2.169635036323852	2.544986970801846
1004.7349467417804	2.996881052226517	3.012937051868799
563.4564785066875	3.6549969356321066	0.7266598399394733
1019.1024445829476	2.8302077378479438	2.7102956772503854
71.98011422302353	1.8185222287899565	6.9653212615232905
45.59118945707505	5.223418585993787	3.4682646210707815
209.9922964290473	3.650810466681003	6.5873622997977055
9.177879356348875	4.897454155047203	1.5402719554961117
39.151294926100014	2.820480795935432	3.507603084890848
146.94446477342646	2.3360429891832517	0.7668811323985738
329.8610370534063	4.16262252063944	5.2423518065250345
1526.1772217736798	3.1834324759779005	2.1858439802496603
803.4828141848802	4.111160564013361	0.06392897822225788
135.25227107437155	2.1034821960549888	3.9146357255238926
16.861813739144495	4.125705722976868	1.0687552140470193
220.06896734564307	2.9250421430504283	1.9145803073389092
-3.2840185022592543	5.3256041414386255	2.8432705555314524
527.1518556744796	3.9067892492815375	3.296268738645759
94.48675921295069	2.1175612231796714	5.9417699722397925
97.67622431341383	2.2769009217493146	3.397887729523764
60.24978028934872	4.559917522869638	2.051437664755188
142.06286733199718	4.0057029679633365	2.303257491973784
328.90034798123963	3.365521369739622	3.3281783907485587
334.6983501911772	4.661816173077494	1.5560821896289798
1310.8548803549413	1.664397901545382	2.52899730942682
1097.3691624331082	6.050477182822755	5.1606525146098425
1877.3699162041423	4.5397124003233085	1.5178468550831579
1152.4127656879396	4.391973115337543	4.285118735714826
93.8875850541909	2.4756186806422154	1.5817414379097174
-0.40459505010006724	3.435752385354745	3.636372263214143
140.9128724359863	4.873855889752885	1.6546731805213273
-19.267011813230933	3.8723125723394536	1.8094841995149458
258.41000601676893	2.4151225208838283	2.284587836297661
79.15420659924455	4.501760294561975	0.5461379763491632
2038.6998601359994	3.7838925859371333	3.2900795252441886
1642.6711309026182	4.843489955695455	2.315992963566167
545.941694457923	2.861421965071864	2.37629626885347
2795.7921337445327	5.080113329111727	0.049181973742500405
501.13646271081876	3.6215648952529667	2.855722293663141
361.0898254976144	3.057290644044194	2.6889130158244803
165.47222720788014	3.662924905285321	4.675665946385024
348.2576688511678	3.728658938456307	2.1971500637346844
-0.09383139251714523	4.149611925687311	2.157708017533424
350.35345772885915	4.771588872129644	1.546588198873604
238.5553237316409	2.7888046756504816	1.9803792667805176
1680.443371870654	3.312456355013788	0.729346268081535
348.473228195172	2.9865061109617916	1.486227075328115
838.5975862936593	5.0859237948501015	3.1196366133860622
353.07395082672775	2.5926663013973283	3.2204799573332816
958.6691625426054	3.02346592770404	0.7925976384731517
156.2284719090701	3.6532308810810386	3.9332695696853954
219.41036676759543	3.531132762340155	3.4978732759833435
48.92079199215206	4.484901767492881	2.5416229883990926
40.375148155910104	4.773000358020115	2.1226540767596154
-2.8972074829667642	2.5887168999088312	1.888337312020774
75.18243539820227	0.5484290521380077	0.14449026268023046
55.42399126476695	2.862737911757838	-0.04665869333464142
538.4678214795882	3.4394549473980143	2.559813569591753
152.14834825375422	2.2653848718482155	0.12907432942867095
1864.2148048957115	4.816945934373762	3.5329581488131563
599.6563328290475	1.9111898130930483	2.603321002669374
965.8639736622902	1.9546756118857078	0.8200643842111686
2200.399477689995	5.462120649382497	3.8429215007123942
147.78371366850882	3.0205281518394447	2.9083131868744383
97.00627555715305	4.234772908578399	6.9064249329889735
233.7926703498839	3.1745429737402873	5.57504858985607
7.100406079123683	3.1643906532461186	0.6627372865273266
60.835473099267645	0.6399413376093454	1.803210685681408
550.7049583527329	2.1980780486386218	1.2975599304164078
131.66273579354058	2.344900584981825	2.1312067126530088
1653.5804705632095	3.406555224212083	2.979805768837482
482.3238271956841	3.1635968640143237	0.3785029393913147
338.13470631240835	2.8816235314912175	3.04211178751691
929.3461434442294	4.594742531544932	3.0123679496970293
1499.5419871589459	2.584214152586067	0.7222445285091859
40.169297955819985	3.176204392116231	4.783434142339423
58.37890166587211	2.705132444034202	2.5712152313054193
18.209694429827294	2.6051923538928827	3.1549026669822338
717.193967260012	2.230443142594725	6.332234095916133
1.7151165389814969	2.3707525588527716	2.935579265043318
35.62769766999091	1.4840091341142516	2.116311896363584
85.02790498052686	2.154319832200233	0.606069078875253
645.1619302522016	3.3726713708664158	2.9530235614615794
1617.508562836998	2.0554537935325765	0.016714179392865007
1633.8364914579774	2.7802988194940315	1.0122701481391025
3182.194758434114	6.834911579957616	2.8319375281107604
138.07581339557638	2.61732725864076	3.044969541857537
1289.7701333129905	4.686262005026475	2.0218742875357623
70.14572378479255	2.044118412373213	8.10540227319678
664.5744116832807	3.225311288031605	3.438838788991757
167.92800651870286	6.315980111355244	2.7244489120388655
237.71566084179761	4.147021596799827	1.8005273602273608
158.9972732000933	2.634293312049036	2.2900680797445467
0.7551461213479749	1.1845193456103722	1.3896098392531864
181.47862992908978	1.8565467364771886	1.1431578823084974
1159.1218708689698	2.0392709594384897	3.115903741952648
482.33318155286963	1.948308188565577	2.5286245318023775
1083.7000057189503	3.3110237910266807	2.0649800022924113E-4
1032.9856353520618	5.534655345796939	4.588835453036713
371.9133190525191	3.0037951687325344	1.6576663465303125
72.38418127881454	6.312815690601666	2.558598703959095
38.392521474439604	4.693162281083685	3.7087812879966147
27.743979710112228	2.7809182242069026	3.2874526811693032
12.411427608805285	2.8912124698862804	0.6640504572629381
2.6197678491502696	2.8447523281041738	3.0360512724646997
1313.8373850367518	3.6083820568792295	3.244041492500516
133.31466833422516	2.702821983000389	5.121746472122082
1336.9737277390843	2.046791972233423	1.3234304097285068
494.6141027841095	1.8822196169446568	0.08322258341797338
497.86485157006746	6.118773202345243	1.6431177840336721
384.2962951703839	4.1796582579337835	0.6440397141374008
228.54217340556698	4.234758945434982	1.6368430400181055
289.9643589495944	2.443769228723131	5.890343133544887
592.7749400353503	4.681526166392246	3.6873250978999472
858.8636438480169	4.397715060728045	0.5760079942905459
81.62809473337231	7.4606340485243665	1.7759867359482167
174.71247793993516	1.8697086197960326	1.3107092044683022
16.37623704064475	2.1717428576563393	1.0838138819465257
1368.5987181921419	4.59691035883037	0.3396581405635109
0.711172112705545	1.7186939297000838	0.8792936373688073
468.0836735107048	2.1023267510147647	2.338002393986402
1022.0938854072223	3.7809330450718686	2.953740831600867
47.01582968319602	4.705961664180311	2.908685460867498
221.53676029694412	3.1052961417835907	3.041022967558798
167.46497727768156	1.746775046214802	4.643250253410125
-12.582040865142073	3.243392549088433	2.548301633370593
741.9270810182563	3.163238067003769	2.151011891233701
172.3845092495033	5.7967727938878415	1.84686969468362
18.78778494869839	1.5964065229198066	2.1211146988498766
294.8001413458298	1.6153099820553525	0.5650953974815718
885.9895397081775	2.7623385772037707	4.468236472537885
858.3118769011137	2.037928562286298	0.6885605324228932
2194.5352645776293	1.9709306146902903	1.9272753267215768
2230.2633151363625	6.992657488536652	4.139414485837225
1143.5684132176164	3.646674991751225	3.3180509495788155
337.22782710826476	4.19690838362227	2.702519269606438
1.4904408707556323	6.254174632901841	6.971094213290299
231.42691415441186	4.152061390099234	1.1352278878895856
182.88075395113992	3.1232898119208894	2.7965833069485844
12.13033221400981	2.5037183989187572	0.1603743656581896
80.98069592018629	2.3244123517597677	1.9800927880028307
0.6198185050464511	1.0704893574781493	1.4759119798439302
1075.5082444616655	2.760003430551889	1.1615372828173247
797.1946262618793	2.9953314515361726	0.9555991623921408
568.6141826350852	1.9461313553833224	2.6407166129059085
1548.257440157981	2.996882011825649	1.475486950329064
1772.8407673544039	3.6296094812448225	0.671979232996866
1611.1495442785638	3.1257391792805715	1.6598267955686437
551.8169389469684	5.1650403753697285	2.236134425555372
3.702492236140141	3.253797861100566	1.9473386522212666
26.072900792320098	5.87251432234392	1.9344759696248666
89.15239070914319	3.7674001082059148	6.373204023729313
745.4688726986818	2.6490090261910804	3.5200881762288483
276.4743149861282	4.108471845806821	0.4170202159328698
1843.5112374928626	2.7973690921718712	1.1763306692400282
1137.670181537421	1.6629552285005527	2.245414118562413
1368.750698896441	2.0080035194033776	0.14403374282038883
1426.4220780355463	6.737952946719673	3.012433904229429
125.31527915508114	3.0247048747758054	1.1063191257116396
1590.2595792341808	3.5460326318022335	2.886624216617666
101.70574548661362	2.0626209708146788	2.0427738582556962
0.10750132520616695	2.5787419650712637	3.410539911257344
432.58538806404243	2.2118450137849854	5.531939670837049
130.33238215091427	3.819907063744126	2.407804671449002
13.886661091389541	1.3272475923631566	1.3028644907395843
80.59618394443915	3.4455727974073307	3.990822008741414
92.67816554906406	3.536405108548906	3.085832136212651
1299.9622596215754	5.083928171530028	2.292136032476896
2203.1135469830406	2.7439283428559964	3.4453604944028022
917.1008807232347	4.3319888039311225	3.476560362020917
260.7626381050063	1.0574970961486798	0.7357882710190184
168.11471589058633	3.515877670498647	4.570904235297961
423.0103266985426	2.4321914643992604	4.920502247468411
1211.040168367988	3.2748516543812243	1.095314541906009
235.41298569764834	3.6354309691418747	3.4465879156287027
123.33823394072712	0.5138636433893617	4.324692323096565
96.8898519801575	3.0694000811186837	0.7303184009326067
145.23364487860354	4.50137916112217	2.7755533478243963
651.2375295257341	4.129632646553894	2.118599334570635
1160.938616006625	3.8776534418134325	0.8736274984972341
317.6144013006661	3.561539042677501	0.12131442686486027
964.2132799221189	3.11989749645371	3.615633698283201
108.48064254343137	2.338012031276285	3.556323331853444
1400.5358295709993	2.8867093196742073	1.6600517509858321
-0.7019505149394072	2.7165250267379117	4.668298246242111
192.55752411442995	4.544773391894231	3.329034545303478
-10.781302471407002	3.724230155375388	0.7817043481743773
103.79176105878406	2.5781404715137	2.2583286649171086
46.47809567210373	2.3950431396767438	3.208584035000822
142.07765771862114	3.237582473575216	2.7402753066660095
286.40968288696394	2.4533967059996646	2.9872776259688973
1123.6032833330733	4.416942629791836	1.9030385105214682
1670.846749451718	4.203387448868269	2.2313470991272477
887.0306757632798	4.279282717841903	5.271864396038666
791.594458253511	2.614736296794378	0.69989710456654
341.80283567977114	4.483016433461849	2.6941563081755873
-35.59931656030511	4.0458345618876095	0.5586412166210902
1217.9177747521026	3.5887952389498925	3.5553397247093863
-28.692930980094797	3.536985638366138	6.19438942779875
460.39668417285225	3.914975031762033	1.1176247990275807
821.8724595506895	1.4533646552967072	3.4076202234212527
257.50576672109764	2.1146196305716987	3.2154445541864187
725.3672369829577	4.010611223018329	3.4353177584127033
625.7279788287942	2.0983320150351714	3.887493983907191
2024.187570175865	1.607373007829711	0.04804347602539422
1360.7124099327186	4.237455928294494	0.023287543401679874
301.2334559405271	2.485193315078359	3.141314306908947
127.65991803491765	4.155531155249444	4.159863165695161
-1.1470621265351704	2.042722481914222	8.704848020318444
31.024938009196138	3.1219561685626673	3.3143414632332373
520.9277788771813	2.6482759342206554	6.316292382118082
0.33487494597158857	5.731915458205842	3.490886855821887
38.62997725106829	2.907065783356166	1.3966251322536962
21.381572237109037	4.523461944428096	2.700317145952111
799.0568662812046	4.014836624214879	2.9477048079104757
1234.4284045735599	4.254612687891003	2.044215708753363
594.5366834779959	1.891673287257901	1.0541288752674967
384.576574396274	6.618893802108298	3.331922566058546
2564.7812729939865	3.7044009394093083	0.2391472434420875
233.5466778374514	1.9089418087322048	1.663550498190965
69.2759279444928	2.441481448151617	2.59123537145858
44.31239934280219	2.85435145658562	3.3158976792373243
-48.302602247330135	2.224134558237638	2.269360213302459
130.7586030537095	5.85501063936823	3.5749274275197904
1098.9803611513091	2.672594692224012	0.7311893571515617
598.3003621253562	2.1288621313140013	1.4057651852423598
262.0423168163551	3.8257824749891083	0.638650113567809
2188.9394148361926	1.230578980570463	2.0354233415637712
499.0767636732556	3.603426247329763	2.180111783382775
2460.8358376921983	6.902833004131715	3.2749770093810198
235.9783537722286	1.1098516543362238	0.4944642154769693
201.2071836471372	4.097363109914698	4.169152442414006
219.7176270329158	3.054217510165754	2.650428273265529
-14.119476711435032	2.7321713045286478	2.552856995184447
147.57942467534625	3.0857752601624147	1.5497607964317601
69.10448902231384	4.189267152093728	2.0747081149504414
722.8681845776579	2.5137871370711102	2.2275461438004687
7.4783768035699225	2.0317179361592017	0.5882161351832623
109.589551637865	2.6953811728673434	0.37632429498999015
823.9909619606208	2.0490085043229107	0.8836315970103429
972.7008204266785	2.8990022109220175	1.45847869522823
1133.1854141863405	5.46270774973491	2.4131278406184586
2297.858230312544	4.430335699303616	3.134892968830659
127.80991167487439	3.6918934209707808	3.7770080077600423
51.199957872418686	3.550708540645144	3.0157967993146606
41.78933067258338	3.216768849797698	3.7091488807507567
1035.9701553195368	2.539779617806387	1.8357312292427814
-52.58754182057167	5.003322191939643	3.1181117464102823
82.27505935526379	2.670984997944569	0.8654761514256103
544.6907795520597	2.291082725381649	1.9277906142366918
149.47683189385282	3.81817605737908	1.540249119617353
829.1379877447037	2.5107414387889553	1.9023104451001278
596.087028030305	2.7394312361965016	2.4505917209982586
38.68410713243264	3.7390678819603425	3.047769305505326
162.4957705440408	5.280028768993573	2.4737109433843525
1073.39703784306	2.7394634743260964	1.7238415004738674
-0.2533772603574542	2.2955848334553233	3.4622193263160392
678.8297417546637	3.7447144026175887	3.5892694180624667
914.2197574489418	1.6760758481257416	4.8284875451548475
3491.37267067325	4.734514732791455	2.118898058547182
436.0358823287181	1.6452201481510351	1.303052541704412
131.35363920972236	3.3090023120602865	0.2706692569239654
1023.4201119587507	4.0084436746577445	2.7157414575936123
27.901848102153952	4.735092075230416	2.227228248229157
229.20163666062098	4.5149245375175004	2.560873477283795
73.24279807834496	3.5028586495389735	2.5535891207586
3.9514147684252072	0.769922736107667	4.273700876536628
280.7251942187723	2.1382569639550395	2.9475297214719096
169.47809645369645	2.6413186528891153	4.389316325756077
155.11181344808801	3.513822787525664	3.340455330204163
47.09779693541361	4.128753479128328	6.385406226858316
-6.521710600427172	6.966740206701768	1.7500900922828637
1511.0292307381505	3.604823597360611	1.8970542127274723
124.14728381814487	3.2973868083283704	3.751997408465128
397.97320627303554	2.7201285894664857	2.936907591919734
873.4510924682634	3.897369200431747	2.3282500953558953
519.3230166576966	3.5426981117537704	2.542149858886613
358.191307347127	3.286145745713636	3.0960933466969838
2328.3135465144564	2.3546119469293942	4.788051065332466
131.57318949643565	2.732634758255485	3.2226518131197586
-6.515956209991682	2.0462199232002893	2.260252989553759
29.711199390889224	2.755500506195617	3.5842337248856255
60.24113070268343	2.7723815013151336	3.5820158994799445
429.4396621955344	3.901041206752446	2.62134528569941
109.89371214932574	2.8946057169480337	2.590166351191612
0.4499907386646199	2.4849307194098795	3.290147635711513
240.91565103978883	3.364889878604724	5.4950131295855895
836.7296343651473	2.0111005508501862	2.337420507894378
262.6093749103825	1.882200836846283	3.465400977180001
914.619277451013	1.6182547069257378	2.851463874243789
1114.1901358624236	4.399206182180596	0.8924456740724211
511.30003118833145	4.24709713690713	3.673334401496832
-8.744544915011346	1.9607147775520875	3.0458553095123664
207.84660848123664	2.6140954732371093	1.3009861422482314
45.507777077596984	5.848521939519993	0.6939842568589718
372.85954808716417	0.4866708914608382	0.22203830359946763
170.96848311062604	2.788727888171929	1.12559057264989
600.9017818883844	4.655203293492714	3.638430806883445
66.75073208423555	3.9031873635878065	3.447292722640847
367.70077528326954	4.789827390996416	2.2243686899451975
222.1894712135518	1.939239204040649	2.466035069048477
1440.5318381985585	2.8990296942940788	0.02455563909233915
2704.7304356475574	3.905926787917285	3.2390293993748718
210.68202094589202	4.660087616898077	2.701289146055004
-2.280477324658094	2.4334758607766735	2.914200766206053
196.119594977088	3.9500256516685064	5.386663801296954
257.317526973974	5.232641317133759	2.1483502715047007
81.76836081591622	2.383001557201497	1.5882867324532697
32.748535780375946	2.6690079947992995	1.276887946879367
200.9415247353683	3.3101675795255714	3.285244060924222
64.55476669871193	4.241795954928299	0.19976228636646806
661.4230720949253	2.6483936138444615	0.14173832593381674
335.2405837888084	2.8379087369159595	1.9539137388488228
1375.244800820208	1.3773645864485995	5.643415267379014
1369.7460764319912	1.652392656023874	3.857218530753682
220.45221570584883	3.039602960300708	0.676438113908745
107.37512261458619	3.811288164443839	4.650492737898013
49.83041692611747	4.444795273528807	6.460386829166225
11.869026266285445	4.026944555971431	6.334519105506452
88.1389026694955	6.191762248830323	1.8393834994709988
43.479724238383405	2.5717526379849995	1.59559890687169
213.27145498440998	4.736134391139448	1.1210537256939819
1364.3495018274175	2.4400007007520816	3.056894073226113
740.6787148405836	3.918365173484786	2.76507027812542
448.5928535605633	3.1139562243838195	3.0999165159004782
1319.6676585175933	2.993559889601017	2.3616359110133485
124.8437349433489	0.726520689876067	1.9221486147900781
1615.4073227609847	1.6197245663377875	3.8409063499125455
518.6450160035275	2.1095999952466156	4.644581254872708
35.638050435423466	2.8364002156595287	5.319342410588281
423.4065658634444	4.388171075514243	1.824509208771815
146.135294109796	4.712826962998301	0.9277810836317711
-30.415599463218147	2.7953267087218796	1.516259336441502
623.7917214372521	1.5674040392294974	3.689884957165013
358.5888314760403	4.214225440219558	1.042734640976839
318.8090971398853	1.6003386424690655	2.1787246463057026
245.7546059377051	2.609091814199164	0.09705748770867087
487.16384665259153	3.0067678916479896	4.0362745462659335
535.846776728799	1.933865288469053	3.1048601958402973
14.933974605174638	3.536000764250661	4.304133295845028
252.98027204573367	2.825236138884737	1.9342639245811013
48.6524534500881	4.931435399969974	3.957437548832024
7.530734072876999	2.2147774510317526	2.1591715549013597
124.33755601287164	4.387409537136041	0.118752446004541
90.00588860373949	1.8291699565355735	1.3009192555165745
1525.5241104330892	3.566341548842973	3.9572606248831725
241.757751615857	1.499262640184664	2.9225485115440777
136.54369472939985	3.2520891677533936	2.037664626595298
2197.715655354966	2.4709691034072776	0.05183591903035195
1054.1825367804518	3.367202820346165	4.0348401372535765
721.4832610732133	1.2205608401740828	3.3080457602094064
349.5885265933766	1.630985452388585	1.6598100954846116
-6.763443396378441	1.923691284240799	4.557447484268522
647.7534108198859	2.4991398366420925	3.360616790233
303.1808781678338	3.171630662203425	1.4385921397639898
6.910371928750199	6.761231433906877	1.5450739439450751
35.47445073586193	2.9201156428385517	1.8026734343798916
1521.8774057527273	0.8672761928795891	3.3025314828057595
731.947485078042	2.6383212152091153	1.4567756527176432
117.07904122805529	2.9331117694368043	0.8520389638536922
1658.961766868721	2.49341047318086	2.499142843506606
923.8803338608279	2.7721142636125466	3.2888031491956413
1224.913374829161	3.7176497730054456	1.106386420330865
366.04068894573805	3.1885757578275795	1.7932880462345762
415.6803399902052	2.587647645662675	2.935136143693982
52.57286820192616	3.470577022710385	2.2695381371280785
263.0674058508132	3.1869977632499746	1.4150951951301094
98.17229692195882	2.244060898357524	1.8048198164467604
185.165463726825	2.7980984467294387	3.460791082638472
0.9728073405065424	4.480901529950843	1.4494853372206646
1323.7649832069117	3.4452536939307077	3.983957752079433
103.63282978336453	2.990492788435447	3.0738417100356115
919.4116281578566	3.2369642198488657	1.9174633869724822
1107.3775565876085	3.0313204879218727	1.771427382308446
1784.104182526893	0.7554898844629601	0.5765664831546359
126.0779020783845	3.13308471801502	2.752993165878005
38.650097027878054	3.6260260547702265	0.6852781206077257
-0.4796089093851388	3.232090867467723	3.356296326218807
-7.280698721753175	2.6840820372393943	1.8483415407451995
1198.1788352795716	2.10930023663209	0.7286470712373293
174.10363685761425	4.260614383210886	2.0350173995720096
78.53746136526819	2.624290098008869	0.21854656060715133
699.4037536102745	3.828955429354297	0.3607583292707679
1256.4656064141725	3.0983592768739805	3.968265845325093
1415.205927687281	2.2410432509181004	1.4688028814240026
4223.926798202609	3.421836490922974	2.382519083567182
469.2526450451043	3.67355474247715	0.892169319660729
218.72972673749365	2.7577432396893915	1.5345962236924724
342.37171025928257	1.4977254576981096	3.109708925811661
-1.4844253663035758	3.2286414149669294	1.1176519949196737
951.7268248671046	2.1984678437880225	3.1911498688909443
103.65751309229054	6.200625374342818	1.9882197743722725
47.58170462414484	2.1210083422681043	2.374698524678287
193.50922582738053	2.489915435430414	0.9890172035236857
29.208723076252596	1.8325152027995293	2.750451604852061
683.1650897273851	2.024221936639285	0.4840757800478739
585.5904897125719	2.8356365341861567	0.11800794657981312
585.5057247098165	2.9743698584923264	4.0752387641584615
481.69427059699257	3.707757261006746	1.0488994013450565
1039.4378764952955	4.277055490552197	1.6678130329443426
63.510678421069706	2.150512019557411	2.9875116920404343
549.032317864259	3.9761916679080027	3.3925893712702364
-16.41630169762863	2.419491525062104	2.154428562257412
-58.64223273021874	3.9165342119938136	0.9486003081975956
49.04049997253263	2.473754671390065	2.0318734348609393
38.77150934565537	0.6344476705140145	1.0991701648854741
698.8711149699432	1.3563027627562958	1.2644909653804108
61.206418725355675	1.5128302245610026	2.0569198343677937
449.7774938739607	2.285457975831479	1.7267162512094794
1067.0021506870867	3.26733859513544	2.9704503056182223
605.7220816360236	2.560996759249512	1.0951542520734647
217.33479276767534	1.5262749584342237	1.8321452434891943
956.5320008318386	3.6435676778101893	8.830019311956152
178.4962357607826	2.8068073247162277	3.3586641721100516
449.3056975179619	4.118840368276606	2.138720624296768
18.51706799661695	5.296995903611324	1.8083029973635296
181.45066714677276	2.068197402476846	0.9376867062616286
1536.7728468246141	3.442169993947895	1.8512896355668256
565.3852701512661	2.6789922646583197	2.897351915468885
2257.346576923308	2.6749308307036506	2.3719498349319594
1561.6621481794346	3.500711094049534	0.9972733391939133
593.2610057662943	2.605175566982065	2.0538912220327354
2009.2458985686308	2.5692587359397727	1.838054918841216
1015.3727117494914	2.754015917969999	1.665665277819062
-14.416296557444774	3.653248245377824	1.5046421231524993
181.2678951569877	2.8283356848696584	2.1918153722739544
489.06120340748276	2.781358352758652	2.1361954484643144
121.4260326299226	1.3256425409756118	3.332874050794932
-33.415508635337886	2.0646272612627232	2.34410422771539
1726.0233503752831	2.5510027629531615	1.4526016916879438
1186.509188967419	3.8175695114481063	2.911097573645139
778.0484560447993	1.424242861308148	1.0425700793647594
2973.8716200563745	2.441903755043181	0.7296562922143283
393.35800927211005	5.718826678738704	3.3778878437431574
795.2718440553284	5.028415491606615	0.43543012151922167
110.9202960519306	4.4781996665161214	3.731904672443943
174.063863112726	2.331248377663358	2.9890144988735123
34.836561235178884	3.373966831403021	3.284657870813198
1.3363128439827108	3.9109733778297384	2.0676161613376793
606.4062860529474	0.5548516492584517	3.9907255167019113
233.7383625785115	2.91161462124697	1.4423601591224138
49.475343618166015	0.5873035698726894	3.289950963370116
64.08923581863218	2.5172048248398418	4.319041762809849
97.69083769268349	3.9598263569452237	2.4123676202679785
486.93900270358733	1.9237455901909906	1.7354604062344798
343.5196752900354	1.7127709735083987	1.4169305191870125
2597.4439857284497	2.5981457681127016	1.0962393021104302
216.72292100198692	4.397200189577322	4.567351787332047
50.71719847397571	3.6848327250175643	2.243046032070442
-2.173464940897865	3.2186772672528523	3.4387892245558325
772.0284675231403	2.477933956044533	2.105199795233489
31.220976491863677	4.862585893082054	0.16234119388097573
56.66739051423909	2.827392731751628	2.02414335363595
53.346829003646974	3.89071308496502	0.9581222438444412
164.82641024645096	3.94829843950777	2.939890484792233
1423.6450841643587	3.0168576918739163	2.3641834432573248
493.6685555363224	1.8706248228516753	2.583178724207064
340.10929230477495	6.189725304637942	2.9650972950944916
508.04563856592694	2.764675925085065	1.253370339604602
19.960994408762858	3.2026865668642692	1.673580977167962
-3.780939966536099	1.4537920361116778	2.683556284847064
57.86469556940066	4.3144055462159505	3.6406113461451777
-3.793996355113549	2.764775083871363	2.1182898793363174
381.1238312172379	0.5593471831311323	6.558474682205511
1342.9177915277817	2.8297914906219086	2.0189292047713434
82.23365376956718	3.0415521725854164	3.5443147312006698
89.71571061948255	4.058549924275824	0.4486946373761091
2141.1875521839993	3.994254457549634	2.7629749303495434
287.446197012899	2.637749829487013	1.8320519146427092
986.5936485457165	3.3303472260357045	3.1130028104157743
224.14810761810088	1.1344209004235646	1.4102469471106127
229.87721892019445	1.3473130988207744	2.914130270426909
586.6144861810577	2.5440904227239693	2.8615204540980623
27.24520607806726	2.335477677886686	5.149746615739331
733.1795013348528	5.086404049723204	5.23014809526497
14.055715549883367	2.0896006353889613	1.8114846443656176
44.79930302394691	3.9502921371116146	2.3281892311686208
0.22326693040325868	3.3071898743209065	3.076698661370871
1104.959635599306	3.8146552465631345	2.4594950479133884
643.9824181110299	1.3070162652261361	3.1596057377618476
480.86726946305777	1.7894607679818946	0.11195395622449045
1127.7721686735517	6.166985622096256	0.6125009013153575
504.14364112438375	2.6387264441541904	0.6498774938601312
334.46270039329147	2.7274832658434427	1.5001283065383229
3.6143596614633533	2.4363200625156063	2.8811816682895848
201.22842307011422	3.817620639927284	3.6563356465848003
196.2691124680696	4.570196946319097	6.526403287354923
42.176077525853586	0.7587360037690409	0.11173633005302844
597.1244408715798	2.889525293083748	0.1951492409157698
80.81241887199243	0.4553887689970855	1.4343250119262971
34.34663604404686	2.2347334024321928	2.955361620400264
750.0706869324157	3.366236025123985	1.0285689534076201
277.3493728889551	2.539845150990078	2.2205887598269305
2149.804462183569	4.28111498084242	2.288520812278917
488.2140558341394	2.5870914612927765	0.6843492536875
122.59575146275131	2.8990331244233727	3.8817170331174915
13.1145375672907	2.2301253975317197	5.079453671337649
-2.523789962050771	3.476055132894844	2.329371028142615
-9.963282538591775	2.879541251272174	1.9343036731824839
87.55093310770471	4.776231518357101	1.8804607307271013
192.80967742803878	1.9850869031372582	0.060950399676581335
49.559384318507625	3.1375742929773724	1.7181729090896638
86.84822356813595	3.7894310543933027	0.8352308131769014
1611.626442289349	1.5585814470033166	-0.0331273718077061
1839.3162268455596	2.3656906862777647	1.434231465911158
785.6688463148187	1.168946265712014	0.03887501621581533
147.85938641810878	3.2867513008169125	0.6712551436958589
10.36486203603392	2.8604287730793194	1.176461804326935
181.20145314039	3.7192991563209046	2.4477875958205915
288.97300626279474	3.560915934538751	2.264203995898848
25.571519579553673	4.118834092352881	6.359812011632979
82.72064005773836	4.772681569971341	0.5555679542952372
358.6347532291285	2.324284802382794	2.257829861337351
0.7114355259781502	3.312247724135615	1.1776847985125032
652.0333829366012	2.7363941952052535	1.337963866641718
120.5976650059005	1.4799017483082926	0.9912792551872969
1529.9488993780521	2.828084840280638	1.9626090597079828
1031.0370253691783	2.1517685209902653	0.002096102100400096
586.9949133137105	1.0592288791223377	0.19584195282815348
218.33752113546967	1.6951184057923416	2.9105414028532874
1165.137246159286	1.0478283395583032	2.853411235042575
506.866489286163	3.355800623051939	3.6323179811988555
245.20702671984546	4.177483107777299	5.233241341495947
360.2816016005032	6.080440167859191	1.7972365360883173
25.133531415890484	2.0583170953362244	2.044050134829341
236.8185383821546	3.2770994678395855	2.853284943645064
697.6337794597702	3.739670604483867	0.03395371744698517
114.66878746151161	2.4995076131239764	4.4152620995106
3004.6006591738364	1.2178733152777537	3.536010111968997
2202.2785581348767	2.9958742421754065	2.3069534178061173
2282.7899760797177	3.195309941498497	2.0724057376598295
144.80214662907966	2.3401869831617708	3.9358272990364056
-9.926633236200367	2.4220919339753566	2.495704848985263
48.477127511204905	2.5529944035168706	3.263396255302417
245.93583425423387	3.0892327129272754	2.731858964198922
19.424212000589957	1.5887382152054248	6.470057858489947
6.341738677685331	2.667017113602388	2.271925922308748
1.0055831637168806	2.196689072448758	0.9460305134947352
905.8234520212011	1.8969225203076792	0.15430725307236617
797.8365911165689	2.046926399770922	3.9608276192211864
607.0070372849186	1.3181228501264732	1.3443858991975164
1259.3313422785727	4.506515605666472	4.789765158900432
310.1184102290978	1.0809092552866162	0.5761121627659568
335.35448997034524	3.146031449672021	4.2776010113673975
1591.383695869938	2.6483988537008076	4.0123186292842865
403.26600432816537	3.9306516530727147	0.971826060062287
-36.98817010447765	2.2145245221672654	2.1275001673361134
100.69747999666387	0.5127447387904526	1.79869421051551
48.429694490151725	2.6627649937040676	1.3496850728862158
99.29578638328476	3.468515575515076	3.081318812573558
147.59605023175456	2.9584867774395107	3.337333255817572
1241.6112486011464	3.9582879375977247	3.7802281827922743
584.974933290145	1.9214475969069689	1.8512438687900985
403.3899623849044	3.7729264022483715	4.480024690973051
1767.7272902424268	0.9912342399432303	3.541910936657217
120.42121273466924	2.8074204826772675	2.6772744190275093
178.99639754013646	2.6815592265811823	2.6029107056167495
32.596940949809785	3.2191612630564865	3.6339349114797304
19.48457434231788	3.719651096163236	5.212488590178972
96.29835924976643	0.709689579352943	3.2639772815520907
103.73581110298383	1.3160959882872405	1.349461443786791
20.561890826513363	0.6575544946387843	2.237078573134215
146.36076802312255	3.410597387838009	2.0646762299726187
2068.0171175413907	1.4857495623648211	0.8554360546666417
286.18717395036606	2.403505353048781	1.4356430426377447
915.3940057253903	1.490962562665202	2.5596601624301423
299.47725876135866	3.8307620554546586	1.3255045049121819
220.64354856249014	3.3331660208887475	2.7957653203561117
60.05625784652005	4.516230614331429	2.5628939201623875
63.48829710521869	3.4826028150080774	2.8877190909334964
-8.451367634553723	3.4414456256296733	4.757700861696626
112.2653730046429	2.452505314322896	6.5390574914032
106.75650193684709	3.2459891582568554	0.889906029983832
131.0241783596011	1.6724341093906936	2.940169509676775
65.06843253538386	1.8483792827905	2.045068646817073
1137.4957005404622	4.010537396727682	-0.047704674104783365
