Flow 	 Preci 	 Evatr
816.0	2.03	0.97
2394.0	5.09	3.75
3144.0	7.49	6.64
2366.0	4.49	4.02
1499.0	6.44	1.67
357.0	2.67	4.25
71.0	1.67	1.01
59.0	2.25	4.11
-35.0	7.25	16.67
98.0	4.48	3.46
331.0	4.8	2.26
1757.0	6.47	6.19
1884.0	4.64	5.52
2558.0	5.2	4.64
3177.0	7.66	6.85
1981.0	4.48	3.45
1079.0	6.02	7.84
221.0	2.04	4.78
1006.0	9.82	13.04
424.0	2.12	1.01
25.0	0.55	1.64
76.0	2.93	0.78
53.0	1.35	3.3
339.0	2.67	2.9
1039.0	4.61	3.84
2497.0	5.37	3.34
386.0	1.39	1.3
87.0	0.46	0.2
248.0	4.79	2.68
-4.0	2.23	2.08
103.0	4.68	3.34
566.0	6.39	5.56
101.0	0.33	0.32
31.0	2.85	2.04
2565.0	9.97	3.82
742.0	1.39	0.7
340.0	1.32	0.54
453.0	1.87	0.03
1120.0	2.98	0.0
134.0	1.1	0.18
149.0	2.73	5.76
-52.0	0.84	2.77
24.0	4.2	2.48
709.0	6.99	13.27
-21.0	0.53	0.62
-38.0	2.0	2.34
63.0	3.26	2.47
610.0	4.1	4.52
1919.0	5.88	11.23
1908.0	4.23	4.98
2274.0	4.54	4.01
1776.0	5.46	7.38
305.0	3.08	1.51
103.0	2.48	1.48
31.0	2.58	6.79
-35.0	2.71	4.48
194.0	5.83	6.68
-6.0	2.65	2.2
79.0	2.48	4.12
241.0	3.86	3.45
784.0	3.35	2.03
607.0	2.24	2.5
259.0	2.09	2.48
400.0	3.48	2.02
229.0	4.97	1.67
48.0	2.43	9.58
11.0	3.23	3.47
-3.0	4.12	1.8
85.0	4.79	1.8
172.0	4.14	1.9
558.0	3.85	2.71
148.0	0.76	1.18
340.0	1.7	0.67
2218.0	5.91	0.59
3239.0	7.06	6.39
1743.0	5.61	7.17
1457.0	4.42	1.39
723.0	6.62	0.47
981.0	7.3	0.0
1151.0	6.3	0.56
239.0	3.96	0.0
904.0	4.91	0.04
622.0	3.09	0.1
1247.0	3.12	0.0
1310.0	3.93	0.0
2029.0	4.32	0.1
1079.0	4.17	0.0
1409.0	4.42	1.1
1565.0	6.95	4.06
195.0	1.14	0.0
57.0	3.67	10.38
163.0	4.67	6.64
-53.0	0.46	0.1
501.0	8.16	2.26
140.0	2.08	1.48
613.0	3.78	0.44
2084.0	5.15	0.0
347.0	1.31	0.0
1728.0	5.94	0.0
529.0	2.63	0.66
219.0	2.72	2.06
62.0	2.03	3.02
59.0	5.35	1.0
25.0	3.13	0.32
146.0	4.96	1.84
18.0	1.93	0.12
36.0	0.98	0.12
123.0	2.73	0.0
1174.0	4.84	3.84
575.0	2.45	3.34
978.0	3.77	1.3
497.0	2.4	0.2
148.0	3.23	2.68
325.0	4.67	2.08
198.0	3.98	3.34
119.0	4.19	5.56
72.0	2.35	0.32
136.0	4.54	2.04
747.0	5.08	3.82
724.0	2.84	0.7
1868.0	5.13	2.03
792.0	2.66	2.5
3718.0	7.57	2.48
2403.0	4.99	2.02
321.0	4.32	1.67
20.0	1.65	9.58
0.0	3.22	3.47
-16.0	2.2	1.8
5.0	2.68	1.8
28.0	3.27	1.9
136.0	3.6	2.71
398.0	3.69	1.18
784.0	3.99	3.18
1213.0	3.31	2.54
2704.0	6.9	1.85
508.0	2.57	5.49
115.0	2.22	4.92
55.0	2.7	9.64
201.0	5.66	2.25
136.0	3.91	2.13
-19.0	1.49	2.75
190.0	3.65	3.42
83.0	2.38	6.25
58.0	2.38	3.41
843.0	4.25	0.0
1406.0	3.82	0.1
1187.0	3.13	0.0
102.0	1.18	1.1
156.0	3.66	4.06
1935.0	11.0	0.0
496.0	3.97	10.38
153.0	3.23	6.64
13.0	1.73	0.1
1178.0	8.27	2.26
1295.0	4.77	1.48
700.0	1.84	0.44
1682.0	3.83	4.52
1341.0	2.33	1.92
1300.0	4.1	3.0
864.0	3.63	2.75
837.0	5.03	0.0
230.0	1.89	2.29
164.0	3.5	3.27
402.0	5.28	6.28
4153.0	13.24	2.16
819.0	2.91	0.0
597.0	3.32	2.2
1331.0	3.82	1.15
1151.0	3.56	0.0
1533.0	2.89	0.0
1089.0	1.92	0.0
1712.0	5.65	0.66
376.0	1.38	2.06
371.0	3.63	3.02
273.0	4.26	1.0
-47.0	1.31	0.32
37.0	3.77	1.84
47.0	2.67	0.12
285.0	3.66	0.12
312.0	2.66	0.0
3006.0	7.91	0.85
3393.0	5.13	2.41
4393.0	8.37	3.59
959.0	3.74	3.89
373.0	3.95	2.79
114.0	2.36	2.61
28.0	2.83	3.24
31.0	3.07	3.34
80.0	3.82	6.91
37.0	2.99	1.36
57.0	2.19	3.3
278.0	4.75	2.96
1598.0	5.51	2.32
480.0	1.9	1.46
919.0	3.0	5.51
859.0	4.87	1.09
214.0	1.22	3.78
110.0	3.28	6.78
34.0	3.28	3.29
201.0	3.48	2.15
5421.0	17.8	3.25
607.0	2.67	1.2
296.0	1.59	4.23
419.0	1.74	5.7
1127.0	2.48	4.52
1579.0	2.56	1.92
941.0	3.2	3.0
1372.0	5.66	2.75
441.0	3.18	0.0
281.0	3.82	2.29
630.0	5.34	3.27
455.0	4.78	6.28
279.0	4.42	2.16
-9.0	0.08	0.0
91.0	2.03	2.2
148.0	1.85	1.15
160.0	1.98	1.22
473.0	2.91	1.87
1986.0	6.28	5.78
799.0	2.6	1.16
121.0	3.12	0.44
332.0	4.59	5.83
326.0	6.46	7.89
247.0	2.71	2.03
82.0	2.33	1.41
-7.0	1.41	1.24
4.0	0.49	0.91
74.0	1.92	2.04
568.0	4.29	4.83
210.0	1.02	1.21
333.0	3.01	4.24
159.0	1.57	0.54
-11.0	2.02	1.41
-66.0	2.32	2.29
-3.0	2.87	3.67
56.0	5.18	5.84
99.0	3.95	1.81
1814.0	7.96	7.58
1026.0	3.38	3.43
1965.0	3.32	4.07
658.0	2.13	1.8
2131.0	4.77	4.29
2953.0	6.71	5.17
2923.0	6.29	4.54
1617.0	5.47	1.65
973.0	3.15	1.94
882.0	6.48	4.9
823.0	4.28	9.7
646.0	5.77	3.48
189.0	2.87	2.97
268.0	2.18	1.49
1092.0	4.12	2.84
240.0	1.2	0.92
961.0	1.99	2.76
403.0	1.54	2.28
479.0	2.32	0.91
289.0	3.48	3.1
67.0	3.65	4.35
179.0	4.68	3.81
995.0	8.72	9.88
535.0	3.95	4.43
183.0	1.76	1.42
585.0	3.25	3.14
707.0	2.11	1.85
857.0	2.87	2.31
636.0	1.91	0.25
1463.0	4.34	0.39
589.0	0.74	0.34
135.0	3.52	2.75
141.0	2.66	2.8
36.0	2.44	5.54
17.0	2.15	2.14
-56.0	0.76	1.24
37.0	2.77	3.87
132.0	4.39	6.73
688.0	4.98	7.14
368.0	2.67	3.18
343.0	1.84	2.54
103.0	0.84	1.85
324.0	3.79	5.49
131.0	2.87	4.92
1259.0	7.2	9.64
516.0	4.37	2.25
16.0	2.83	2.13
294.0	5.5	2.75
179.0	3.68	3.42
2360.0	7.53	6.25
630.0	3.42	3.41
1082.0	2.13	2.44
586.0	2.11	1.49
1023.0	3.41	3.04
1060.0	3.54	2.75
137.0	2.7	1.91
47.0	4.28	4.85
-25.0	2.56	3.7
-46.0	1.47	1.33
-44.0	0.92	1.57
86.0	4.55	5.68
1.0	0.58	0.53
186.0	3.98	3.06
101.0	1.52	0.85
221.0	3.26	2.41
887.0	4.81	3.59
1114.0	5.82	3.89
223.0	2.92	2.79
81.0	3.73	2.61
174.0	3.17	3.24
252.0	6.6	3.34
1930.0	8.02	6.91
66.0	0.85	1.36
230.0	3.31	3.3
990.0	4.12	2.96
736.0	3.21	2.32
298.0	1.54	1.46
2357.0	6.3	5.51
542.0	1.98	1.09
197.0	3.93	3.78
638.0	6.29	6.78
30.0	1.94	3.29
26.0	3.43	2.15
117.0	3.64	3.25
17.0	2.18	1.2
1787.0	8.49	4.23
2768.0	8.13	5.7
1546.0	2.99	3.82
2200.0	2.79	2.68
835.0	2.71	3.1
185.0	1.06	1.63
1060.0	7.08	5.78
130.0	2.46	3.04
40.0	4.07	2.07
30.0	3.2	6.62
174.0	4.75	6.05
78.0	2.49	0.88
18.0	1.05	0.78
107.0	2.77	1.43
110.0	0.78	1.15
237.0	1.72	2.05
621.0	5.37	2.81
404.0	2.9	3.2
342.0	4.37	3.08
-19.0	2.81	3.72
-8.0	3.43	1.78
-15.0	4.08	5.14
107.0	6.02	3.85
41.0	2.55	1.99
195.0	4.27	3.14
245.0	2.54	1.4
155.0	1.58	2.04
275.0	1.94	1.97
913.0	3.34	4.2
125.0	2.73	1.48
348.0	3.58	4.17
25.0	2.08	2.56
50.0	3.87	5.27
141.0	5.71	2.71
465.0	7.51	6.47
57.0	2.8	2.5
1.0	0.43	0.59
250.0	3.43	3.0
854.0	4.0	2.65
980.0	3.82	3.54
494.0	2.22	1.57
614.0	3.75	3.31
995.0	4.65	3.34
1348.0	7.62	8.36
1262.0	4.77	3.41
268.0	2.33	2.24
12.0	2.49	3.45
5.0	2.69	0.79
86.0	2.77	3.15
1000.0	4.75	5.24
3277.1307096792902	1.936976621781266	1.4591454640138752
1279.4949958489258	1.6708286715010108	2.9590913645741477
171.47891132554656	4.398741998574597	1.8431330242752963
1413.0573204379325	3.377606552918864	1.5510080845195489
234.8471968556483	2.4206471274534422	8.655849886792641
55.98841723242454	4.183643484515085	3.308718457919655
36.46170919244731	4.183082422515495	1.9099235627606572
463.9386524881547	3.948184992541047	1.9034637581191987
39.0077849634942	4.646591365974948	3.5099240229487436
66.20785822948838	3.2866545168944192	3.93903778827845
244.66240349419485	3.8181603303204756	1.7639762396852376
1087.1455063375895	4.591833658144154	3.4444720976929397
2322.642297605647	3.9840865742662444	2.46077282043155
911.1767319369256	4.191694923612607	1.8209958259533525
1212.8424338749726	2.3040180490594695	2.7074962148927098
369.9787310682167	2.8670920918589298	1.8422763504494912
-43.28991630776292	2.1850202967231667	2.246035528777818
197.82018760798897	5.221202676817712	3.6888795630579208
39.892823981752215	4.333422038129717	3.4165910463394296
17.30933631190332	7.278004486290319	2.186709284325224
81.91697667393721	4.579961770096458	1.3598952600600518
261.48432941576027	3.826799073818501	3.373286510551504
58.11719506976548	3.668096599906007	2.4654288931446513
14.777061483092655	2.6446589610114604	1.2272625484992339
583.6136408457926	2.9586185561855145	3.3163334870243513
877.7676705227767	3.0461789725717168	2.953402538021702
452.9590946363555	3.704587205989379	1.2331443486860427
890.9876620151879	4.7193944114777375	1.5633263923176925
62.07562825451777	2.3044679173717895	4.658245985924582
-7.176623923425993	3.2334170849217214	3.458117329582439
253.78892974568012	2.7813614626120557	1.9235668739597522
457.4898597832616	4.701145161187007	3.387598064761932
140.360676278076	2.6717399341505135	0.3883276153428385
229.85289672709035	0.6618776932766817	2.167757769949374
383.665885052431	3.9708847060631327	3.3111391175970417
1674.831125920508	1.8215496174945833	1.1353727224400412
236.38345074679333	1.889805715377226	1.537217120071078
3240.6353445916748	2.9905237937448383	5.577439635529485
2151.0226467447346	3.4985000443967516	1.1178166601388198
97.1185501622249	2.774133031268301	1.7818284755255291
297.93719259021805	2.6651244504889386	2.5559639496294433
180.54918704258998	3.9456341769605094	4.528717874935557
447.8212257252442	2.3271823188015848	5.603355708926129
89.6962601495411	4.659766581849658	1.7937395908751816
849.9481102935863	2.6753314834618345	3.248238471099175
0.0798042744004148	2.326016407250707	3.302069483694878
690.3372316570736	4.135667659531531	5.491017601900177
80.33400011561508	2.9230932035533326	1.4332118173865296
313.01166599249035	2.7777290422554666	2.4464196852939613
1067.9304903458549	4.68819172115316	2.1822181461758454
519.1369245401688	5.601148712510751	3.280675644910995
312.2648741145417	3.1962774043233186	1.9997496188808315
1.3886382689309393	4.995132912732053	2.245175238004528
-2.3781801860017864	3.3261788024617522	2.225075409832574
-8.100974549890479	4.917913066048001	6.438906065033815
101.60131136243825	7.505298450180402	0.7642075180568286
76.3164140208601	4.5274898288528735	0.8213259705501398
68.28909469087651	2.928794584617858	1.336660522327966
247.59089507145575	3.295974335033984	1.149879125587419
668.802250294627	4.768631291814464	0.7550853887280524
2201.6058429167906	1.6844907454501783	3.3737775976257427
3185.7113627257027	5.50928963851477	1.1855957869444032
2518.1080317931846	5.148701387660175	1.0663898709711381
379.1575110958151	2.389808792854989	1.636109290003928
220.4653030927829	4.87083232835583	3.1079535901070665
28.801076806330812	4.019063582675014	3.511683171920883
102.18201114169283	4.158297706303956	6.672009539579751
245.23875291663626	5.935363237949482	3.3798377014797953
868.8270170060938	2.6716623730695424	2.2522191809975114
2527.859690606958	3.1471894755572616	2.521886615248684
102.57115668082963	3.0789004555279837	1.2098558192389577
139.4248899173104	3.5882113346461457	0.5716408572874883
348.56145120646744	3.1417457173311027	2.807074420519732
667.3118408828308	7.131944883683327	2.121700698344535
540.4957694253796	2.1669491702241612	0.7408222202989775
1477.294134948991	4.552104255412482	2.6263921287930887
286.6810415282781	2.389115876098204	4.583285001807003
110.78061511758102	5.923048132308754	1.697943260065411
38.46437099048489	5.2856887694546675	1.5246788267881162
119.96691435815542	3.8606027517954327	2.0804870596142644
-8.499076184083641	2.9004310595944625	1.9918044656270597
85.30859687248072	3.671646831083485	3.297415269504603
1640.5469773360933	2.7585732828116374	1.1486008884679324
1884.5582258081881	3.979950159875834	2.980058991868815
1171.9231817334214	1.827122486549418	0.22568885455198914
3157.145654679956	4.24032403868341	2.9157883618547813
696.5753285788514	3.4716509018453445	2.134150502282818
133.96370059950544	2.4657910860270316	2.6964582917119975
1206.9303042760494	2.045129359439216	3.7875071555501374
200.74144965438907	3.1047874068208188	5.440671577248195
22.747956143115495	2.2255975492093554	6.32231358312951
910.8916540857434	4.284076148530416	6.442742335340955
112.65746984475099	4.42962616306209	3.50103238680901
16.68543082440397	0.7694690273624913	1.9591638805143645
228.7865967110981	3.370786974464933	2.999326350832118
913.5864452043235	3.7677318478063118	0.9808250229917357
670.0407642971737	3.153697798355498	0.09374169066985368
1079.438549266743	3.1554437388848986	3.443146707078967
113.757400539179	2.5939392170242233	1.7116244724277303
136.58129205298852	3.197257518074191	1.6576626010927296
133.21849145240492	2.444427281396333	2.641560422224442
178.07054184078964	2.8766991666186996	1.4661373794665804
723.4055168796131	3.037980091215553	1.6637914781541867
12.147232366309547	4.010229039526042	1.0142768055915532
29.584777249002073	3.5258515895919573	0.22763389779217816
36.80009689883262	0.808923538157654	2.2490745330348103
250.6717191426659	4.055269467899127	1.3341461309996405
977.3481414050594	3.9170125423920834	1.0112635744863239
234.8174890973722	1.9285209069714386	1.944021489781743
811.3565559212542	3.4607904974342274	1.9987596276695494
548.617583237127	1.2787671048858025	5.086430589851799
210.69409239661334	5.306131894864575	3.6333916641725366
1843.3743687716774	2.6898805985484895	2.247165844998058
850.1237456219543	3.229299239353289	3.39659313400344
23.54913206219122	4.127780343653368	2.5386607455122765
-16.663792710403413	2.67551538179142	1.4109980922418566
765.5283190775913	3.0668977264318955	1.953110703252646
709.113551173816	3.6981135679234343	2.1219175138896293
641.3559515137338	3.8051416432491454	3.0195488024043464
1770.7578052546728	3.5263344735422977	1.2748676231144456
323.26026129948167	2.3846754178230936	2.512348253565257
409.85378934756335	3.2976670431066775	3.9354512678756453
444.2748203479851	1.1497319874915821	1.8425787078118694
174.67582756292353	4.401624807055665	2.6897966041143038
-4.555485041965575	3.6699445779346185	4.574192123571612
1029.6078441694372	3.523098326558447	3.306575355271276
45.06560383840447	4.127381391406009	4.831716862826439
32.779601555729585	3.9120342447578635	3.3628293164178102
15.469756909972872	3.652964464673765	1.4078427015012165
336.43922009466985	2.4894453729828077	0.26251684156740596
304.4885924712797	2.7153096030009483	0.6002641543161493
1434.204841721794	4.600740841052799	0.00517394114419569
603.5726202269137	4.870594140586696	0.135757770294601
1103.8255588955499	3.018154428523663	3.569108681210837
1709.3151454476028	2.5622021589343658	0.6765867997966859
1183.2768588978918	3.4339554353318382	4.229582774061082
932.306146239237	2.688952455399682	4.159368382978636
1001.6823863868407	3.906224549732305	4.709301094340197
308.8045791806516	2.847889292302836	3.83881986493318
122.42661105249462	3.9200198924717826	3.6901646253337845
65.03034419068248	2.9357567047169018	1.3202941827749948
603.2697801548827	3.570313527165983	0.6877896230547337
236.52464309645245	2.034195511786154	1.2088664500665316
840.1897921104985	1.2631800854688495	3.7660548552300748
51.397985596963544	2.424478596284525	1.9162658886949366
176.17940529656624	3.1995214708035364	1.487964393468343
120.58414783722581	2.7247402203769377	1.1490826224130921
132.4090943489072	4.744782451099107	4.685253034896369
-64.40411465275405	2.156699616744111	8.690396424172569
57.973515144101206	4.446829131292857	3.34922872720223
436.2363917462147	4.171616757276841	1.7257816183848949
11.851813722911688	0.5978025563672842	0.2668473265850404
159.4186949937681	2.9712148617978795	1.9413407339535644
656.2728435845829	4.059389617443353	3.295406090024099
423.1753418317932	1.8546911055770876	2.094613959427179
2259.6966423582526	4.944827806933238	2.957655907095035
1244.0392492735562	4.588112223517148	2.5122040034914965
1209.8870214329058	3.0119173969791055	3.0792105724623
397.2818316296722	3.6922575283415062	3.2010138025986117
325.93776305477667	2.5432688040325204	4.2581159276391665
271.01204030736494	2.4037715809242344	3.7969117425680223
29.092966771825818	3.4163268501039727	4.5835193200338695
144.56206925071123	3.198098028543209	5.683545052400803
-23.584982950893316	0.9159581537877938	3.800989311493556
819.7859425292228	2.7698340244334805	2.9142211961906472
9.139148406582686	3.2663299133183985	3.985245929825188
1138.3520396180377	4.142427737797745	5.084304655746218
45.678653415137205	1.904225221831051	2.358619488239029
1598.3541473908435	1.8493425138011128	0.06309029305449416
1448.288974015068	5.991604822816871	0.013633118057081119
246.14698793157658	4.7837107739819755	4.503178912421111
213.48080492031238	3.248773693715665	1.8395390918260301
1622.8077140165715	4.001786378075786	7.0716059609454724
44.77382200054453	2.628102644443373	3.476743596515066
-9.756796700945555	4.854773247055874	5.913331055055056
101.45157594665284	4.976867136001368	0.18479696800038264
33.09442670938271	1.990679439381127	0.7681882620001962
169.56745277759495	4.379054993099616	3.1336482288623664
152.38167572852166	2.5923003556567443	1.173101826769387
139.44725598068402	2.657007666145993	3.231547871250179
130.4876318861115	2.336798790079531	1.914074066866745
3159.4110722492273	3.361172324519763	4.258906766768082
506.73624685520963	1.11651868071246	3.9079398734815296
128.66679276218258	3.2861415851076714	1.6831038647434542
236.05419297845336	6.367224299427751	7.893294547961319
144.38018798217962	2.5757627278460515	3.432616145095664
-47.828204648941046	2.2855000706014006	3.12750583702642
-33.392685460625	5.0162033121436735	3.401387603435438
-8.503354123825673	1.7716901576182744	2.072455178533118
933.8618818460416	2.123057120547033	1.8719552805727817
1130.656555998351	3.5367367409777706	0.38742401881723176
1516.0334343181241	2.919964441594832	0.302076143313213
763.70597858271	4.648245424874732	3.352085858749742
221.87373924775653	1.8522530429870603	3.0226601025937763
120.62875901591457	3.581930850720952	1.106766842062364
184.50334844884458	3.6780871305791063	1.6675354516972452
-0.36423801119959864	2.095076513259164	7.002075163067654
204.945390662573	3.0853580874442024	5.352516358605615
-12.824394631491264	2.2375301591296597	1.819685890385848
11.595915413965221	5.323023864740097	5.2886763182298715
65.39399644790862	3.147772681704178	2.9583836897027083
81.1781193711872	3.324000004427922	1.5794103376737427
473.6743102002508	1.8631327752795732	5.466682100152191
131.62967061101057	2.0699733374425118	2.492500775476167
542.2238348074636	3.80962889852856	3.5864986880217065
940.711448107509	2.886756493699172	0.009792851605132439
518.2545658905083	2.609386236713867	0.22838169409946543
226.98544607716187	3.0998421690048565	1.7802086480011008
50.002189200795314	3.045564634728925	2.0018745028688394
30.642007329524212	2.8804582694878844	3.630259146005807
65.90901674283816	2.191258075583419	5.619577555151365
136.97619926870158	4.834842162157886	0.5138005066158798
-3.228310592344097	2.7699579361362536	1.2995364729919556
732.7949192002194	0.6805138046335736	4.064149104512195
889.4407256606112	4.648944956116026	1.184146452522334
1129.83859088916	3.345340437056084	0.8185094561767512
1491.2230081760024	4.92574977886598	2.8486165422521412
374.318539151901	4.308842563398108	-0.0023394765243473776
134.36745629833686	1.522162261582244	1.1379477532512927
199.68234925913015	3.8037922862954767	2.7118400482150404
44.49518555189236	3.8448742260108886	3.347554310161109
482.80384192033387	2.562666084420532	2.249706018976915
29.832810940814756	3.8431138802357188	2.1452769458215872
-48.95967249246193	2.109324139255158	6.483329348378807
832.9194042570375	1.3947888471172205	2.3298072830930177
604.4526129888959	0.9733532271818278	3.2520133271780534
262.0162402633898	3.4716969526687937	0.14181901906445887
23.285856509051257	3.9262751727609455	0.06031658509407272
1155.4753220078676	2.409001864040664	2.2767280276327173
133.10117457242208	1.6882512419805487	1.4275879624880239
1631.0596879349957	1.1858231940508188	0.7672731937112586
202.4452390294493	3.941452775255068	4.063894609315894
1161.1903828559257	2.4217470820836793	7.451118275524391
0.21449536237685685	3.4972070026940405	3.3104443514753013
20.881955300611743	2.7157211231897493	6.352163319588083
74.80161642416267	3.894813482524957	1.7978720434638973
-13.410645724866473	2.7684469021287157	1.2123484151356827
2435.845381785569	4.610762861393517	3.1904340454288835
245.59301811467253	3.67563739992032	4.6427350335204505
1816.4879103111168	3.939322517111024	2.034000489698183
981.4043637860916	1.9028172978013584	1.4531037334451808
2499.8004456746044	2.0647906287051816	5.674775121195504
929.8638895795174	5.558996458721068	3.4510247731074557
144.1917910214142	3.818520689113399	1.5665158875685938
234.39765710380863	2.438140124700222	2.9352135248423745
99.05218402934119	2.5408417302428274	3.411857812869365
21.34367543123753	2.0531237133022504	1.3453820980344122
8.261823571111211	2.4514550357457376	3.560514795533428
83.40408627585094	2.9081228484556103	1.912701779469442
603.2535352769353	0.5917952530561871	1.712389636115627
118.43294127479075	3.3811672494374934	3.397035852897096
942.0245266902576	2.056846294496939	0.05317621765796633
630.7322258408244	4.206237238061343	2.5097412078346375
1084.3803216122321	5.8908176816738225	5.661473418422863
475.7220989022803	1.2474534481453765	3.2975264471280616
1011.9501345124067	3.477389503821534	2.1137182818677935
56.90297030912026	2.3825223366362995	4.559357321114561
-0.26796942108702804	4.8505150824670995	3.311344912639517
14.35122900081965	2.1973680058764464	5.581355777144415
102.39563048159513	3.8145046825912217	1.7968975865148415
83.07556451427817	1.683149325744595	0.2711949378027476
50.683004380640604	3.30875785765942	2.3166119024008758
652.5389170783827	1.8458848480232453	2.9825852394597896
355.7351986016613	4.252808049340176	2.810367512466979
1733.1906956851824	1.8863901204997333	0.09318547128600106
410.2537399070025	1.45432385904887	2.9385960324461067
935.661085664022	4.541262561775085	1.1166527713358136
216.18748191693203	2.6825315874115994	1.548781892757634
608.9845042787575	2.383280887697611	2.853952125028581
73.38457224332979	4.026149760489184	1.7376983749839163
432.22750538589867	2.2609539987506326	1.8737840138243613
-39.4764533142913	1.8012835296661562	3.552622970006393
17.987681363263484	2.7035954709080205	1.5478963013788187
110.79520629423197	4.227627906788502	1.196609385065849
981.7346970633661	2.22604846623704	4.524353873854888
330.71546115280785	3.9567604687110967	0.0749140528842566
2203.749714480814	1.7392618837042695	2.493873021264105
915.2199717940105	4.0507745990498	0.07104515204347375
106.68738867795452	2.316676013093858	4.202953398601775
220.30726842483395	3.1044895293961114	1.5009576551151305
81.40814646365091	2.5839070661287225	2.1026974661063633
760.804286622337	4.172569996280257	3.3122818823993128
810.7747757295947	3.1739806740152514	2.317993817498586
70.92535123943694	5.316540489864402	0.7876552557756555
116.00652392065965	4.514053360880557	0.009022261935272662
606.074698264543	3.5512059451446087	2.6032755433192323
419.7010986252095	3.56052695050794	2.990323403009188
1073.7007001853763	4.8580755810864815	4.099426072141131
1709.1245498127846	2.7785969714083736	1.459598784355657
2127.1003629780116	3.2094645335063277	3.6465526930680383
545.0742558994993	2.423507325505611	0.7030259249455353
151.52840281428888	1.5112419592480506	3.741777208671884
193.11934807566257	2.158848731497128	1.7949239670886028
29.573484895269225	3.217665054666911	1.4273905322600642
18.84200485649088	3.793580999037899	3.4292193506439803
362.2603263187056	2.0223706482798636	3.526952361685362
176.20653654428858	2.8715607343255383	1.1912813029785778
619.2572564290963	3.0366045653710887	4.028881503052561
646.6068490377223	3.19925689781768	2.9739157410430725
1037.7659608049478	4.155070049363867	3.922665430752118
1439.7331666812308	3.049244170759201	1.4575963810823978
400.6957369320902	3.2312928213724095	2.6504254010923733
503.16716781911845	2.6719300467902096	2.5089838712988417
137.75758597514945	1.4108890790853894	3.367599063436021
505.5986004842375	5.08085256389894	3.366592137852706
218.1278416284755	2.5630179541073033	1.2268108193005185
-4.093597582119665	4.848633026381775	2.3353620487069757
-26.446497786586846	5.929621276635599	6.2789951326491895
69.09988958542102	4.3637129728586865	0.6373874231003303
1359.0206772139204	3.3011588770914506	1.482851301556847
201.161845781618	2.754653012217935	2.922419981672999
238.23488918136587	4.484820411423728	0.8718073798556942
606.2578589625745	3.569736123431858	1.462654563841991
1381.7232097330127	2.067964327455176	3.586976687470081
1563.4945677666453	5.3014127810076985	1.8093129312294538
238.29230592865753	3.5830980997390283	2.7759137340772138
100.96739186551036	1.7907029784986428	3.126868921090112
34.828560370206084	3.5756448358362394	3.311879188299182
264.7290840065843	2.3538530402004443	3.493228836311468
699.3963007159159	3.933466609648094	0.15099049533109032
13.77879268949082	3.9319239763968525	1.3453082043935427
1969.8034707946472	0.6631406875756496	0.6569050304306655
900.6745246587519	2.7053093062268148	1.2083223242470114
444.9821371069387	1.6995144485903328	3.134030456133334
244.65858005975844	4.241693923790944	2.243592055065863
566.1681317279213	3.0882960650337425	3.048892327526218
107.76760188018821	2.6430264992051806	0.906222820023155
221.13825766551295	3.7273033990366677	1.2647048155550427
95.06352849555252	3.1349150299822957	2.2764895305384774
468.54789477818247	3.1396970324070628	2.2316849029322046
142.6605604441933	2.261203105891545	5.813028061317534
129.57380461555996	6.109814791546456	3.449081070105386
178.87137127920374	3.4905879114072915	0.545203575723079
1546.2724890434617	2.372528269691793	3.2090036436923106
223.0726263458437	3.473450563542403	4.828725724885837
508.1225330734496	1.99182177360453	2.3381781075744854
1363.9655518734498	3.8937837211901054	0.08565890423240609
1165.9548476581888	1.3443230608762848	0.15722565533617244
495.4102818616729	3.133627207063073	0.9818182759485347
378.7904201602545	2.63309704518723	2.68511589035158
-2.300488978190449	2.7914231608181823	2.8932193172195064
6.557400032472914	3.232469538128866	3.40459063798089
807.5109769413167	5.3565042688917615	6.366158078258581
261.6746015656466	5.194031068900973	3.351466267715368
63.13327502201971	2.6722616598630036	1.9318204236355843
93.17899352789308	3.7706241891023664	3.199157491639327
651.3359047643319	1.9082701371714432	2.9523203896388255
652.9247276860063	1.5399787452034155	4.128219810927625
1326.0288564446532	1.469350962910524	0.09861163061613827
3941.718630946993	4.192535060166921	1.9298830760022425
103.37618323618851	1.0996081457791465	0.26046482021780254
168.96550682510838	4.4877103358982255	3.9574084039224893
39.555581727878234	4.1991161201880685	4.716116070646557
233.92872193043002	3.155224629739312	3.793652818292465
1.2789695021207725	2.7684707447040107	2.0917609927437413
370.2047849561875	2.3446907062517734	1.5186962288009414
34.26411940545034	1.7576393500151988	3.4755338916186944
84.66028887438608	3.2802959451186773	1.6033594870087993
248.97384024834398	4.000784103060551	4.998096977961486
849.6304878236652	2.2612415604130343	0.007624676857184642
325.6182649019692	1.8927579825188627	1.931794768600674
2578.105673649141	3.2551078750326488	0.6878358990109479
366.79556113101887	1.9330883671523116	3.0101675001778654
45.48464933818951	4.829911014481265	3.940094649307519
358.257574637804	2.916441454342657	2.045085059195214
185.62356600543603	2.6713000831025613	3.3067898451929736
140.0163038704905	3.2832562961539113	3.3399397060376383
221.55110396294444	0.4790605997264398	6.488921797118531
-33.66484183031068	4.472793345634857	2.5864059993950246
97.01723919316568	1.2547124282340114	3.7525999624294766
330.5129594319511	4.151231449354882	2.9438230246174446
215.37836605660257	2.1384917011987308	1.9302878839438866
465.3175511962919	2.499361812335853	2.5178764289582216
325.50914319755213	2.3559336410511666	1.1656477710047493
721.0918910706325	4.625061400553	1.111414608447176
146.6418693030685	4.442963386546353	3.682380257099149
118.3088245008588	2.721505873383407	2.842454888299283
-1.2287114139704363	3.229271517777907	2.1918681169212166
121.15252604842377	2.5251978715559282	1.8364354777038614
2274.0827273597215	3.810154983636206	3.400758924654327
861.272702932926	2.6704255237984666	0.050531101965457424
88.44365013469113	2.2666763894113946	2.2622116155714833
226.99743609094963	1.4451720314521563	3.902564179062888
833.3517009563882	3.518178422833373	2.244446921553769
36.02382462488482	1.4511743626808584	1.6114412088913368
1341.1805732997886	2.9174506105932614	1.8367891226003963
318.3688660496721	3.7025844840130646	1.0797699499786166
197.7385031861284	3.608398435716039	1.0688684618279465
794.3126340053428	4.390912707252292	5.565712614752743
56.7336866320426	2.5559251606519657	2.486736547412442
-15.42003199061991	1.990330202525879	5.48789227409832
81.04049645330228	3.902894048390904	3.496732198952914
212.91291829664053	2.5908291591160326	0.9350254852596892
5.883856320989108	4.4320282527867505	1.5151297945043118
729.589763462376	3.6463795182646614	1.3058349458845888
151.59077220385782	3.981900913003764	2.039301078145473
1075.1874352679663	2.1381568223842016	0.10243624158012812
639.5634944609342	1.612262587300434	0.003391068630863826
549.6293078146211	1.8549753387292733	3.3547028815467472
217.61103583890957	3.720308040096179	3.852844405645386
49.23236152776272	3.2962689816815702	6.840080742495876
29.6154363246643	5.011909075841978	1.0224469745292433
150.58605147973432	2.0119509398195476	6.501098131591587
81.69684501535271	3.7737918555434495	0.1970610957848544
33.10654596216706	2.6679905012757663	2.323446142408794
144.11321721397036	0.4844229228269131	1.652526758325727
31.63700216696631	3.9465276050305107	2.803736802047548
99.07808776135924	2.5537911483731017	2.2705561775835745
1590.500937337597	1.4891036643041191	3.472252635737744
2387.604210372983	3.320681091363627	-0.038024886475583775
395.2467412524513	1.0873681265790704	2.9395913888073717
1190.8476658927775	3.7801784072360287	1.5460357097840656
101.9742812494695	3.4379801945561725	2.888368209432639
0.6916032472702667	2.563542841639211	3.334064465922326
-47.33025460845717	2.2078301135873066	2.1528768687224256
144.93876641708897	3.82811092312777	1.7982673479441784
186.96907743457348	2.6963667978297843	0.10121581340442531
1062.0455504823412	3.3061669094782435	1.3007727170980354
1527.6712347721277	4.081176434180211	1.3235013982943153
410.79860458871804	2.981224900491007	1.5581348424349222
524.8789368621312	2.4709875135157198	1.4584515715234654
921.687932912429	2.9995928052599714	1.7316441240673792
835.8500327107004	4.2879298690216645	1.1162358465925546
993.4905360490209	2.746394503249645	0.7627925809044651
-63.88554918243363	3.117536138939969	3.0547740052532446
35.25710720111044	4.663807836923989	3.397990006732719
410.37357409212785	2.191061639713718	6.294692793892651
163.5813060731531	1.8982687501463582	1.7671327662584027
4.378583182694178	2.5870184962793425	0.05499133453765465
53.74800355371799	3.3377167389704114	0.6145499214975944
175.30696996194754	1.62111089478611	1.9261602504038282
171.9144056461122	1.403739845106046	2.349967158962927
496.17085589560463	3.8998102242768677	2.6383163972013723
3021.2739155117124	1.515777853047041	1.7392710618238134
1600.7233342007128	1.926903685694217	4.169166854079217
128.6847327426921	1.731128269983973	1.7941858280161047
341.57145398616495	2.3180376317815736	1.9438753278053473
891.1714928050872	3.2176693011351327	2.237945280634346
-17.542566166788205	4.7428002810930145	5.783526156969042
352.20352524471707	1.989837757499096	0.18081757611262103
197.94862592031737	2.6739267809197154	1.5406013145756532
83.83973068944178	0.48512424473361143	0.4977302362195645
356.7266976120193	4.071178633827728	3.1676121227503646
233.52703447021116	2.765277680747942	2.3934920763460164
269.6560691696379	1.927167653866466	1.9182622978362327
156.92743679947026	1.23227381107832	2.2304254921013476
1037.4801737657567	2.721899915629718	2.926385577726019
151.9719087239614	2.128151293898489	1.8440292415251955
1209.0751361517582	3.3216875157632586	4.117874125633646
202.175583689959	4.2332314104743265	1.005022099609249
29.595848070971044	2.5581515382989557	5.522725395935471
55.26336129822679	3.9153605524949198	3.4030476620779915
190.23906425323423	2.8143160485574583	0.15546131050978138
57.872537351764095	4.21599777131606	2.6681760788099553
151.5468605243206	1.8528996143888554	3.3297184087726226
102.42271510259732	4.2085350420583465	2.0391680878500282
559.0005731955503	1.8958948217908267	0.030188207609399192
320.2728225415896	2.329982344760749	2.3216566555631326
100.69236797580503	2.660835185567694	0.23066579721199476
1003.1618949743138	3.0585874176488086	1.9790023802895673
19.481451136157368	4.416902493637279	7.310036737000987
26.45169921571622	3.034280185416574	5.31156173074748
27.247498519727603	3.1057314511956413	6.480586339577501
101.78971196772154	6.354788120793032	1.844764361186851
176.62659208221382	2.7659059755266684	0.04847361274528215
2348.6728993485285	1.7798696272443497	3.2040639398201707
604.5132089190255	2.66888670132629	0.12223280861184771
356.0211333542624	3.22367143824242	0.9583728832065266
285.86058558112114	4.10227178127944	2.8708285888510674
834.6455564860969	5.600735123788541	2.9311678489135247
129.23602256756843	4.04928966361268	2.5303384234084447
237.90061583421198	3.5510831323613945	4.0058358164682
224.25084915551693	3.9595424814482394	3.0634945140387577
426.9779813108755	3.242232404038968	3.391194045910499
144.058155476075	2.203020163313301	6.511650871888828
169.05853019604706	4.293624284631712	2.620224127671939
75.82029558977383	1.8895408832604172	0.9365633286823949
81.38707763351456	2.3265337486769737	2.475711356422147
413.232551219383	3.342551813799784	1.1400238510202354
300.4167443423795	3.6539654324996103	3.832053535517709
143.2719946341274	1.7922161129022864	2.4560743633761604
391.96009092050394	3.0303834971278283	2.373726534077019
796.2699703107343	2.409844773476353	1.8287208339430132
328.5765868083451	3.0488264363990862	0.7582864594814946
54.85698732549262	1.9629956256896932	2.0755349364910263
55.06372276070181	2.727098693900028	3.2559026874866155
1001.0148843120146	2.2344005377130043	3.4305559221516906
310.27363703524543	3.624358777808269	6.339353932417639
173.42137203592094	4.208914296529516	3.4176404192574883
366.665334155245	1.7204786683022213	0.5213772439766484
500.587881600725	2.1545003396976026	2.465026650810263
124.59122152339444	1.070932013981785	0.95700640553019
1139.505629190994	3.5137476531654492	0.10910564390457156
2916.230195153721	1.6787063898636736	2.294947567407221
1121.0113343254468	1.1023439262907029	0.20084723059470913
1619.329342333386	3.5386901833096656	1.546314759098521
925.4971574428607	2.246469360376845	2.8646480539557277
30.387263604275038	3.414905498056812	3.2811491452070127
109.47994971605301	3.1103242813545338	6.508974612747007
-23.416325775613473	5.254946909140828	1.985610126428887
27.27057191106534	2.0525079553914334	1.385668562852647
75.9920238693514	1.0466439403576544	2.1854850993027912
382.1969081831138	3.729142750423508	1.2582352834140966
809.1590821116382	3.9729892670351776	0.8427572403273488
240.47955760028233	3.886890888366897	1.4549815737696048
913.3656386817438	1.9252094259517636	0.35535704844217814
1053.7631214612913	4.089762538836798	2.9057601990832067
1422.3820180404612	2.5654821141820268	4.108635984771601
1806.0998791484317	2.0748238756493613	2.0578398661537944
33.08561293902943	3.230813814113944	1.2978445423628402
-2.7771909591277653	2.6510765466225843	1.932945228476863
-51.62998703336219	1.4292753541864085	3.238027805873487
77.45740284190975	2.924695083131346	2.261086035698134
1926.6452754320853	2.201923844505745	0.5998793232562631
1182.7231564141832	3.32227699175335	2.346236410067718
1220.5242679707276	1.2225909781282185	-0.03372758267417202
341.0722732951508	1.905550892814891	3.5239352349663795
932.1361251985105	4.40028942307633	1.9609881855152254
1538.062196071667	1.1180173395341169	2.6907754072358205
218.50502042646642	3.8533547349856807	1.7363192547868198
753.6277030900104	2.317290605771356	6.87813788313869
59.58587747837444	4.4753931349857625	2.173192289478865
156.52998219730742	4.162377020061566	3.7046934234652147
82.71797512244842	3.9072006027080355	2.276124465657267
187.16163369214183	2.803354310256752	0.8692516712060901
430.18913217874626	3.3005530186823124	2.4774515121774594
1112.3990788505525	1.2599361306415433	5.273902265846355
378.55951835424855	2.0557576721287156	0.4287752358963949
1142.7396961817417	2.2686708766838564	2.4528249136132363
703.6714974140458	2.9938636342066585	1.4849877365441957
159.12928230527467	4.463357079208108	0.19971513808323105
137.11432289414705	2.138477618181895	1.57132015430427
437.0573675000359	2.385044209602935	2.243595607678203
-10.550160886495416	3.7419370111405126	3.5514850434843788
-46.4544868605305	4.148176022567269	2.147046227660914
97.41571695319224	4.739937130440261	3.367874976265255
60.2988802657682	3.353482356436401	1.380747617321039
82.58469522129471	0.5215243147194641	3.1084633472795757
116.72894771315721	2.422077686564278	4.000518297516247
166.82621223591605	3.8791819914459036	0.04592526110446481
261.5073330110275	1.5766498872803663	2.5172397184091326
1036.5101053696758	3.238736400495739	2.9986956042132005
495.7792816621069	0.8911175021362855	0.8183040101097665
132.25883387736386	3.4781325590585483	4.818001561747138
109.64584834970725	2.29797911938228	1.9152486074342936
-3.9592672354589307	2.3838286774121222	3.2821584310716467
-3.665523991815323	1.4441885960628595	2.586718922719792
25.131607994458697	1.317642466110543	3.244265337189449
72.88717871840933	3.2718139727926596	0.38338773744917154
4.0658705954216865	3.1844268537238762	3.168418694921056
642.6241223329358	3.9131277463179646	1.1516374208836249
58.09098571243825	3.8838128315096307	3.8361275602544884
916.4607623213096	1.8234003889694337	1.9167325297132327
1690.6312576954504	4.697307319473003	2.1295393787317924
19.043157482370187	2.4583929254512618	1.1719887440749148
132.22933672367634	4.607141748637004	1.5540511575232896
83.37000907585183	3.8382385222662605	7.088072442691875
88.05151188003626	3.7540527937734214	1.9484119412929977
-23.811204481690528	4.907028877252452	6.339099440523681
-0.8930648925820757	0.5289187449749931	0.4488346835016809
58.37997463777898	2.614453848395945	0.3372691155606081
79.17841360696615	0.4651554082350683	3.9755005214447867
1086.0982590175768	2.7477336546229414	1.1480158069747521
119.22207745139985	4.548870899919097	3.7580405820424176
230.7542460382618	2.543699558927408	2.6941773759843604
1118.778895869083	2.957530706083044	1.4771691180190245
890.9759398586763	1.5014216714209483	0.784843802582527
94.11782321828466	3.141328194495584	3.571823988624583
66.00897110343423	2.623440442994582	6.6267627888330995
69.61192174095909	4.237832285965771	1.024718672542852
77.4523473448824	1.4646498788242774	2.124231048371175
-3.4103117806646632	4.822883914588028	3.3309305681618944
-17.272308066006385	2.515628940525071	2.3680877323776093
45.79711556492367	0.5603425247167623	0.650652575184633
133.24168203866358	4.052868303682196	0.46760482934989733
786.1936013849456	3.433898390000231	3.8616412263582407
243.11566088592915	2.4145465485749793	0.8014236826422265
3049.0885362878557	4.052148120598455	4.294419607796523
498.85064527051134	2.564189581347677	1.0416940173206715
220.38160855778696	3.146866360969128	1.8092020195369396
312.7482856216166	1.8655270021971893	3.493570371801099
109.29984621744134	2.953745633654279	4.522820049937506
133.88707649171042	2.1826280254007298	3.78731824230062
846.4400802735031	4.284907581021244	1.7880649107390294
162.7165772038694	2.9193324951977777	2.2520750808966117
109.34562484080922	2.139190181189514	3.051819411897816
252.23282956207578	3.5507360040286637	1.1457252950695234
826.2131732044354	3.9449807064527826	1.484266981998753
