Flow 	 Preci 	 Evatr
816.0	2.03	0.97
2394.0	5.09	3.75
3144.0	7.49	6.64
2366.0	4.49	4.02
1499.0	6.44	1.67
357.0	2.67	4.25
71.0	1.67	1.01
59.0	2.25	4.11
-35.0	7.25	16.67
98.0	4.48	3.46
331.0	4.8	2.26
1757.0	6.47	6.19
1884.0	4.64	5.52
2558.0	5.2	4.64
3177.0	7.66	6.85
1981.0	4.48	3.45
1079.0	6.02	7.84
221.0	2.04	4.78
1006.0	9.82	13.04
424.0	2.12	1.01
25.0	0.55	1.64
76.0	2.93	0.78
53.0	1.35	3.3
339.0	2.67	2.9
1039.0	4.61	3.84
2497.0	5.37	3.34
386.0	1.39	1.3
87.0	0.46	0.2
248.0	4.79	2.68
-4.0	2.23	2.08
103.0	4.68	3.34
566.0	6.39	5.56
101.0	0.33	0.32
31.0	2.85	2.04
2565.0	9.97	3.82
742.0	1.39	0.7
340.0	1.32	0.54
453.0	1.87	0.03
1120.0	2.98	0.0
134.0	1.1	0.18
149.0	2.73	5.76
-52.0	0.84	2.77
24.0	4.2	2.48
709.0	6.99	13.27
-21.0	0.53	0.62
-38.0	2.0	2.34
63.0	3.26	2.47
610.0	4.1	4.52
1919.0	5.88	11.23
1908.0	4.23	4.98
2274.0	4.54	4.01
1776.0	5.46	7.38
305.0	3.08	1.51
103.0	2.48	1.48
31.0	2.58	6.79
-35.0	2.71	4.48
194.0	5.83	6.68
-6.0	2.65	2.2
79.0	2.48	4.12
241.0	3.86	3.45
784.0	3.35	2.03
607.0	2.24	2.5
259.0	2.09	2.48
400.0	3.48	2.02
229.0	4.97	1.67
48.0	2.43	9.58
11.0	3.23	3.47
-3.0	4.12	1.8
85.0	4.79	1.8
172.0	4.14	1.9
558.0	3.85	2.71
148.0	0.76	1.18
340.0	1.7	0.67
2218.0	5.91	0.59
3239.0	7.06	6.39
1743.0	5.61	7.17
1457.0	4.42	1.39
723.0	6.62	0.47
981.0	7.3	0.0
1151.0	6.3	0.56
239.0	3.96	0.0
904.0	4.91	0.04
622.0	3.09	0.1
1247.0	3.12	0.0
1310.0	3.93	0.0
2029.0	4.32	0.1
1079.0	4.17	0.0
1409.0	4.42	1.1
1565.0	6.95	4.06
195.0	1.14	0.0
57.0	3.67	10.38
163.0	4.67	6.64
-53.0	0.46	0.1
501.0	8.16	2.26
140.0	2.08	1.48
613.0	3.78	0.44
2084.0	5.15	0.0
347.0	1.31	0.0
1728.0	5.94	0.0
529.0	2.63	0.66
219.0	2.72	2.06
62.0	2.03	3.02
59.0	5.35	1.0
25.0	3.13	0.32
146.0	4.96	1.84
18.0	1.93	0.12
36.0	0.98	0.12
123.0	2.73	0.0
1174.0	4.84	3.84
575.0	2.45	3.34
978.0	3.77	1.3
497.0	2.4	0.2
148.0	3.23	2.68
325.0	4.67	2.08
198.0	3.98	3.34
119.0	4.19	5.56
72.0	2.35	0.32
136.0	4.54	2.04
747.0	5.08	3.82
724.0	2.84	0.7
1868.0	5.13	2.03
792.0	2.66	2.5
3718.0	7.57	2.48
2403.0	4.99	2.02
321.0	4.32	1.67
20.0	1.65	9.58
0.0	3.22	3.47
-16.0	2.2	1.8
5.0	2.68	1.8
28.0	3.27	1.9
136.0	3.6	2.71
398.0	3.69	1.18
784.0	3.99	3.18
1213.0	3.31	2.54
2704.0	6.9	1.85
508.0	2.57	5.49
115.0	2.22	4.92
55.0	2.7	9.64
201.0	5.66	2.25
136.0	3.91	2.13
-19.0	1.49	2.75
190.0	3.65	3.42
83.0	2.38	6.25
58.0	2.38	3.41
843.0	4.25	0.0
1406.0	3.82	0.1
1187.0	3.13	0.0
102.0	1.18	1.1
156.0	3.66	4.06
1935.0	11.0	0.0
496.0	3.97	10.38
153.0	3.23	6.64
13.0	1.73	0.1
1178.0	8.27	2.26
1295.0	4.77	1.48
700.0	1.84	0.44
1682.0	3.83	4.52
1341.0	2.33	1.92
1300.0	4.1	3.0
864.0	3.63	2.75
837.0	5.03	0.0
230.0	1.89	2.29
164.0	3.5	3.27
402.0	5.28	6.28
4153.0	13.24	2.16
819.0	2.91	0.0
597.0	3.32	2.2
1331.0	3.82	1.15
1151.0	3.56	0.0
1533.0	2.89	0.0
1089.0	1.92	0.0
1712.0	5.65	0.66
376.0	1.38	2.06
371.0	3.63	3.02
273.0	4.26	1.0
-47.0	1.31	0.32
37.0	3.77	1.84
47.0	2.67	0.12
285.0	3.66	0.12
312.0	2.66	0.0
3006.0	7.91	0.85
3393.0	5.13	2.41
4393.0	8.37	3.59
959.0	3.74	3.89
373.0	3.95	2.79
114.0	2.36	2.61
28.0	2.83	3.24
31.0	3.07	3.34
80.0	3.82	6.91
37.0	2.99	1.36
57.0	2.19	3.3
278.0	4.75	2.96
1598.0	5.51	2.32
480.0	1.9	1.46
919.0	3.0	5.51
859.0	4.87	1.09
214.0	1.22	3.78
110.0	3.28	6.78
34.0	3.28	3.29
201.0	3.48	2.15
5421.0	17.8	3.25
607.0	2.67	1.2
296.0	1.59	4.23
419.0	1.74	5.7
1127.0	2.48	4.52
1579.0	2.56	1.92
941.0	3.2	3.0
1372.0	5.66	2.75
441.0	3.18	0.0
281.0	3.82	2.29
630.0	5.34	3.27
455.0	4.78	6.28
279.0	4.42	2.16
-9.0	0.08	0.0
91.0	2.03	2.2
148.0	1.85	1.15
160.0	1.98	1.22
473.0	2.91	1.87
1986.0	6.28	5.78
799.0	2.6	1.16
121.0	3.12	0.44
332.0	4.59	5.83
326.0	6.46	7.89
247.0	2.71	2.03
82.0	2.33	1.41
-7.0	1.41	1.24
4.0	0.49	0.91
74.0	1.92	2.04
568.0	4.29	4.83
210.0	1.02	1.21
333.0	3.01	4.24
159.0	1.57	0.54
-11.0	2.02	1.41
-66.0	2.32	2.29
-3.0	2.87	3.67
56.0	5.18	5.84
99.0	3.95	1.81
1814.0	7.96	7.58
1026.0	3.38	3.43
1965.0	3.32	4.07
658.0	2.13	1.8
2131.0	4.77	4.29
2953.0	6.71	5.17
2923.0	6.29	4.54
1617.0	5.47	1.65
973.0	3.15	1.94
882.0	6.48	4.9
823.0	4.28	9.7
646.0	5.77	3.48
189.0	2.87	2.97
268.0	2.18	1.49
1092.0	4.12	2.84
240.0	1.2	0.92
961.0	1.99	2.76
403.0	1.54	2.28
479.0	2.32	0.91
289.0	3.48	3.1
67.0	3.65	4.35
179.0	4.68	3.81
995.0	8.72	9.88
535.0	3.95	4.43
183.0	1.76	1.42
585.0	3.25	3.14
707.0	2.11	1.85
857.0	2.87	2.31
636.0	1.91	0.25
1463.0	4.34	0.39
589.0	0.74	0.34
135.0	3.52	2.75
141.0	2.66	2.8
36.0	2.44	5.54
17.0	2.15	2.14
-56.0	0.76	1.24
37.0	2.77	3.87
132.0	4.39	6.73
688.0	4.98	7.14
368.0	2.67	3.18
343.0	1.84	2.54
103.0	0.84	1.85
324.0	3.79	5.49
131.0	2.87	4.92
1259.0	7.2	9.64
516.0	4.37	2.25
16.0	2.83	2.13
294.0	5.5	2.75
179.0	3.68	3.42
2360.0	7.53	6.25
630.0	3.42	3.41
1082.0	2.13	2.44
586.0	2.11	1.49
1023.0	3.41	3.04
1060.0	3.54	2.75
137.0	2.7	1.91
47.0	4.28	4.85
-25.0	2.56	3.7
-46.0	1.47	1.33
-44.0	0.92	1.57
86.0	4.55	5.68
1.0	0.58	0.53
186.0	3.98	3.06
101.0	1.52	0.85
221.0	3.26	2.41
887.0	4.81	3.59
1114.0	5.82	3.89
223.0	2.92	2.79
81.0	3.73	2.61
174.0	3.17	3.24
252.0	6.6	3.34
1930.0	8.02	6.91
66.0	0.85	1.36
230.0	3.31	3.3
990.0	4.12	2.96
736.0	3.21	2.32
298.0	1.54	1.46
2357.0	6.3	5.51
542.0	1.98	1.09
197.0	3.93	3.78
638.0	6.29	6.78
30.0	1.94	3.29
26.0	3.43	2.15
117.0	3.64	3.25
17.0	2.18	1.2
1787.0	8.49	4.23
2768.0	8.13	5.7
1546.0	2.99	3.82
2200.0	2.79	2.68
835.0	2.71	3.1
185.0	1.06	1.63
1060.0	7.08	5.78
130.0	2.46	3.04
40.0	4.07	2.07
30.0	3.2	6.62
174.0	4.75	6.05
78.0	2.49	0.88
18.0	1.05	0.78
107.0	2.77	1.43
110.0	0.78	1.15
237.0	1.72	2.05
621.0	5.37	2.81
404.0	2.9	3.2
342.0	4.37	3.08
-19.0	2.81	3.72
-8.0	3.43	1.78
-15.0	4.08	5.14
107.0	6.02	3.85
41.0	2.55	1.99
195.0	4.27	3.14
245.0	2.54	1.4
155.0	1.58	2.04
275.0	1.94	1.97
913.0	3.34	4.2
125.0	2.73	1.48
348.0	3.58	4.17
25.0	2.08	2.56
50.0	3.87	5.27
141.0	5.71	2.71
465.0	7.51	6.47
57.0	2.8	2.5
1.0	0.43	0.59
250.0	3.43	3.0
854.0	4.0	2.65
980.0	3.82	3.54
494.0	2.22	1.57
614.0	3.75	3.31
995.0	4.65	3.34
1348.0	7.62	8.36
1262.0	4.77	3.41
268.0	2.33	2.24
12.0	2.49	3.45
5.0	2.69	0.79
86.0	2.77	3.15
1000.0	4.75	5.24
2443.840232776218	1.8525300015981803	1.4607667183207698
133.42049504900066	3.3474851883037307	2.979642211587605
2287.7939336427853	3.6807596024454936	1.1045616161228862
113.40986939174704	4.375394489107987	3.813204090119707
57.56885884419485	2.6759921467806786	2.6121360116854913
18.11531319086105	4.049095466657669	6.675121287640129
142.09825365093354	5.190349871719555	2.674295292476717
98.99003010593094	3.872730733301088	0.7273838753785588
15.416398718139291	2.674596439930976	2.2061864990735396
74.47267582024185	2.378746613165583	1.601042823612231
659.3791790470304	4.241908874161028	0.041166141300517704
1128.6396605940388	4.660913975413911	0.9478806985627599
1564.8054106813515	1.5622312226218389	2.518599057462966
1115.7212166187305	3.3413004606696375	3.7664589424265964
198.30259121810124	2.713301509554144	3.9405026933193725
1052.4598411322552	3.197778238624966	1.622437370118449
83.14627223370393	3.6962533164269464	3.4409082502494344
6.329349245177228	3.0095538894629597	3.3941998989642355
-5.022482152857577	3.0639683391529196	6.390022892964331
59.59994877936735	4.778439072208389	1.5821672518716827
787.2390890966388	1.928682285399494	2.2531491258739798
487.20270448640315	3.3166753057687375	1.0874955567274784
2645.460205751724	1.8374044793791457	0.9863466491036577
1197.0848289458527	1.4934634638097117	2.106611506597895
1412.6606471829887	1.7135046947403372	1.4499939585095276
1313.815257895901	4.656691672976883	2.431336414154418
114.62782033561365	1.9915054722134573	1.7586532003431943
219.68970622888912	2.3727729860686297	4.8353843937945395
-12.077593831156861	2.055004806667823	2.9102285630357034
138.84450890753612	5.212183906484721	3.3085394706582787
-38.947259778595	2.5910258233451877	6.317994590833361
80.5635720003387	4.778109490556948	1.8654860816064422
839.2174730120687	2.5869680996136775	1.233470655902062
590.2719559573268	2.571204337778978	3.303985628129529
448.11724161913844	4.134968028855499	1.3820210920506373
1248.2863914039326	2.6475934521837177	4.000319028116656
3345.445330401737	3.7714658035810045	1.9879761142052668
96.92525458207251	3.1672964328121944	1.2929754560661446
1399.4427603140673	5.605988658810291	1.8133200828324596
330.70756452083265	3.090374136587913	2.702991617558995
196.65862878153973	2.0005896830115537	3.210447063626113
1096.046500205358	5.321386574247629	3.3057603052954336
449.16279826720074	4.162758839804919	0.7226290262196302
122.7624897517463	4.597836677589422	1.445877934906183
512.2723028808765	2.9098697559072515	2.4783549561204445
88.34140314987295	3.438855255638934	1.3345997449941018
2263.79941114883	2.420853591365613	0.9906876363176056
1111.189102104826	1.587462027287741	1.5974574837154847
587.9045139577391	2.6491317423001712	2.090889854563004
2197.506858244071	6.116212574739194	4.649205611609919
480.34030765780585	2.340191359789142	1.8466114585592288
149.60375379839456	3.160372045824081	1.5289252534017925
328.2323911955773	3.982433540147991	2.288036993295271
79.20421616564903	4.026774845253158	1.893751491088204
-1.901168328794483	6.266014661850134	3.4926277679137714
101.67682909617372	5.209652810856874	6.247742863381175
21.106916200660823	4.031786328892267	1.3576009471701187
292.87923416611886	4.613908063991248	1.549139064785347
1082.575409330703	2.1216174243182593	2.9513028206941554
1708.2433567901576	1.498949630600233	0.8354639672458242
3355.717115938314	1.9025675018041162	3.1005180253764877
1673.0303043510644	1.5512486251582787	3.155202323153846
514.9165588949264	1.786964934101054	2.797581878862131
1481.269083600568	2.7739150694475905	1.670996196446257
979.7259807843179	2.2869773559533093	2.2456441474219027
31.192024372871174	5.011311331038051	2.01858095907134
-2.635265774431465	3.1688964877621237	3.065947850240096
-20.457832049409284	2.4094853631818847	6.458202729774616
168.70710979970846	4.495990864578922	1.3215425579387925
2412.053428487118	2.8214538410388736	1.5392718043851754
874.8065950171579	1.948564449611641	1.1054208511281658
147.19116786447174	3.4667471622752153	4.0054728428748225
2176.0397511749006	3.298019481179516	2.4288064869355033
3198.9414331906473	4.305491873077053	3.493846307763008
128.74458947045292	1.0069188534480635	2.824820495521883
15.425141705667242	4.764895086123175	3.910899077538607
59.39151275208947	3.362616482499376	4.4825116004318435
35.381951812953616	4.1612108386079685	2.286609949539404
52.91882893432444	2.3932059210694976	3.9491385642935963
73.39884130207764	7.341625466468512	3.851247809145029
31.03688633074926	2.884708689779705	1.2148318005759817
279.7068086529827	2.4357079441988505	3.1590280505825277
688.5358877332851	3.3776169235454208	3.0806053074535624
1157.071525567363	2.197320999383296	2.058746533226958
741.4041906373066	1.774625665075915	3.137509011911241
2695.2350650797493	6.549609244810204	1.7204200934311893
135.41404728704282	3.6033754072387763	0.3163596315740391
229.68707872949727	3.900322267057184	4.535144769179156
831.0439913124392	2.9017236850259054	2.4926222308863153
947.6270955910243	3.3937888483434877	6.879910253888568
72.21460984479496	2.907063039672714	5.892880262783224
843.8700912831333	5.815845857163987	1.8235485577361907
-24.869771125634365	2.37155682843701	0.7847661870836353
79.50388758642323	3.4815549141185134	3.4152376358839573
399.19263147528613	2.361574344504682	2.97693346832312
826.6104003243026	2.761292812603685	3.9518444676404556
389.8618617174877	1.8595708819578436	1.9197422177298855
1011.3469867676482	1.7696618688908465	0.25881234877210657
138.96778920382667	5.001071891800079	1.3982308643263894
333.0441064619745	3.4518406743026615	3.943286860718141
54.17051360298807	2.4700113280998637	1.9233479892152179
629.9066256209121	2.4055214945613383	2.914468819484852
438.20584603203423	6.125449792413294	1.853426902411696
36.42678997033791	3.8299966750648387	3.3887734513048042
38.188788445624404	2.6765920061200683	2.9951919740638
684.4990104347854	3.0810407516238643	0.14319628723509364
1069.7883285732014	4.050610689545446	3.1657041118079463
1587.688376319147	2.2872008965125703	1.2751854086077083
482.7238648119341	3.8449863586380957	1.437353587794142
864.1318534111512	2.996217893472792	4.649661948934536
136.3458754325021	4.507681472866915	4.1857630910435155
149.83750902552308	2.3067473860918657	1.6153212190358681
59.88137577483875	2.685057820235077	2.1934749974861183
29.662357685731354	3.807863248606981	5.276070548451681
809.4642544789548	4.120641358045124	3.144880056234144
18.94078667721382	2.320266447018973	3.3622495205427443
1353.2462159532042	2.8987291641592026	0.8065819916758588
516.6087844512219	2.17517537576723	0.4320494767476939
104.99634863108895	2.702175965219491	3.2786980852719894
1684.783642782358	3.0509407673971256	1.7910073444858456
2808.074037239471	4.813661093917153	2.913964452065539
915.7723055891805	3.23901693047777	4.397543204766208
23.467305914472743	3.906969671426661	2.7866158957971265
950.7797288343986	4.287470301823299	1.654039017826347
113.43170818258866	1.5536818671462256	2.585365858478974
-0.8224531422223982	3.226349349012165	2.747133853373026
26.52106241556215	4.113423110457944	2.14885111039382
1.374307716637441	4.8343092977534905	1.794302211519243
-4.805668410163353	4.2027392427772785	1.9595136731479386
906.4231809898529	2.2469259838030227	1.613834842517816
1062.0252470488908	2.6924168916789557	0.8307182954041914
804.6548047109518	1.5967875409221914	3.9957141096163302
477.1887604555123	4.098728400093454	3.5181791470554367
1057.1986528887332	3.279418016137002	2.9238075993478967
563.2905741990883	3.6926154830207585	2.770533901001847
356.7352515074676	1.8301972968814355	2.5826183058103824
112.87197756225515	2.1463913705810693	3.3342124218672273
183.73026551167024	3.5131268984419624	5.850702258361782
164.09690062394625	2.7456653478455744	3.721731308821637
98.13959693345323	3.9192957780328452	3.302167579820355
-6.489065589078457	2.8601691112118464	2.4951609352242263
0.9197476496411771	0.6240394340908616	3.201622326298695
2150.3502887638956	4.028823271163593	0.4726877285781455
117.58932275342332	2.316066739435285	3.9599046478681856
912.4997797647502	2.7688305383058727	2.6070084296976024
1369.652575809007	3.0075326417519297	2.8116374964583573
564.2748908006206	1.5090700903964285	3.334311698980436
343.50117662657533	3.116379854524292	3.7934226037321954
314.1524522909971	3.460434313981283	3.158563524415264
-5.922326808595638	4.164791084301118	2.1568840308137145
-44.597655626181506	2.192511721110525	2.1414385705027423
12.361075516228588	1.8558330274301102	1.9954761244990364
-2.6408525377076564	4.148484433309494	0.004552447057758018
135.35080469050254	2.1657124035068627	0.6210319270746547
250.45674633420305	1.67743801052446	1.2616092779885528
1226.0886148276106	1.2994872691660757	2.297065944024108
1477.740873663698	2.749288198098299	1.4655258488203529
505.7640535512994	3.5836198256162772	3.2061976623744677
1703.0229207762102	2.2166056796881737	4.921914204055871
263.8873547931079	2.7054871736043964	4.175893870080126
659.7326214705589	3.772038803281795	4.668912631675793
58.130115823868366	3.048744778398251	3.3034641500495345
12.483185066038127	3.063434016100593	2.3596238525545212
3512.6136021145767	2.9350871035988995	0.24940214929039609
87.45863005843853	2.7637891065297784	0.7735314728910213
1249.4663087144618	1.335398968801674	2.9471957650236438
111.6679306836735	3.811559444682194	3.8737662092192418
169.94147023937492	4.082432103592856	2.305442042007938
746.6051946324897	2.4060871662064662	0.6829841272701261
1088.6506425840266	2.3975210213942937	4.041749950618713
170.13709862455366	3.6133680559983965	1.6342428933566333
310.7556320887496	2.4467718729464014	1.4661643912650766
175.77300436957995	4.865221343697327	2.0815426649817255
57.912232010631996	4.491746947133239	3.884955232690269
433.28574581106994	3.1234588705232844	4.497245359091747
19.388155808869794	1.840883513165008	2.01975083682853
182.39486502568184	2.128312581113996	1.8035197363982014
61.352527918006096	2.1414661165734956	2.9392955749607563
27.894351710901166	2.743687327472145	3.102614802533714
690.5670310857184	1.3526337107734094	2.09808917386468
514.720783019137	1.695770364470852	2.6645656523014862
443.49013490078613	4.544519385019301	4.174734945111664
477.47683044187016	2.7426141355643265	4.049983699808872
1521.7164221816265	3.4522128955935845	4.8419291421532025
0.7701110573418226	2.03345734353571	2.9285699421810207
226.5059384977713	3.2307575689247363	3.3090885422451586
-30.396003415039463	4.722405027753739	2.383992950975344
52.42518768973493	0.518316780017677	1.7951944971984841
62.66988382146047	3.3711033264093655	0.9241531766703827
63.15205073030729	4.4803117824070195	2.24636322423936
619.2652004672286	3.4436536745470048	0.1417648045675707
128.86739430708522	2.1603020268257858	2.379135156967507
546.9726980491638	1.8086466139057122	2.094962447099348
1151.4472855263582	3.1260678182489894	1.742004271595374
490.7138476013158	3.6009972079204853	3.3440471225983517
302.2856569997388	3.1793789288001926	1.2174673823138618
299.8319022788009	6.052672397501636	2.689084636368383
60.46056292882859	2.6267337809326072	3.2658172029377903
158.89334309549648	2.232005624591291	3.0550452393678365
122.52433897925769	2.359799325359539	1.7346108894689147
74.8518053421795	1.9504516557274574	1.2532887200072633
1613.036013162249	3.4512693295487473	3.2703572983340274
85.62579589028388	1.7096123851268932	2.958968772761081
124.77442089748867	3.382280944225863	2.4759921247062056
262.09682649843296	3.9139821626295124	2.499044842297579
900.2406816143022	1.5750591604137765	5.647196650733193
635.6622681335583	4.842290990844646	2.699498099736831
363.3256118272785	2.1664562976057287	2.9765359663026123
405.95806845622343	2.031290964103627	2.247180553694179
592.5861423929657	5.272611794268242	3.422866330914162
236.7671522848858	4.245510284835618	2.1059233996086073
81.0293805785547	3.898322199888695	6.380781296392006
448.20681318837217	3.8054225888742303	2.191613499050268
890.3338561999121	2.136877945156362	1.9985570381549342
1590.3907034809874	1.8479131853776019	0.02487045304940006
99.98357604746745	4.895710508503887	0.870415399972725
306.12379345838053	3.7025195971164275	1.925977901732081
903.8561749185103	3.004405253592392	4.437971545026066
607.3247736930874	2.631626289495128	3.945444106445431
1077.3428025210096	2.4420594842425647	1.6620546569420651
-0.3292209508648456	2.955089975546314	2.9194219635166236
943.2233506910486	2.513011799723836	4.8535839988661165
119.26775499620268	4.200941735572025	1.7446257029659888
10.686884179211564	7.2925761491918495	1.8460617285758187
546.5194232463208	2.6759263214289057	1.2785965819205176
539.7934409732742	1.2466159587313417	3.200312242350922
141.73708712974224	4.5887391305804375	1.0852590762440932
749.1209867641488	1.8082475531968327	1.0673924606897847
1393.8774767147484	2.929183888835789	2.536741715116079
3141.33349227877	2.972156502755198	3.039815471666812
2875.020405992983	3.4305545632746948	0.4115869036754358
350.5968358114672	4.558356349760213	2.8842252461233886
209.39044917363773	3.4846478631489295	1.94006595400878
169.2458490850045	3.2336731976356186	6.942373676908036
137.83370264240935	3.3708934819427383	2.146737215156632
10.172035560039717	3.886520416351832	1.6068113742416628
43.94482592820463	2.8339985802692125	1.922998493266152
2249.620887463514	1.2398251363487593	3.434670279207308
1128.3660539070256	1.8492983364876303	1.8952944073810387
1928.7906114545563	1.3699221806372917	2.302098729591076
254.59469858183132	3.3961582462277464	1.070285151879541
886.0698667748879	4.194997621976707	5.63296578546479
2858.6830974660097	2.604118562823996	1.2217021601924822
1082.051748358171	2.9092718507760695	3.9575461618889154
183.681546878409	3.688476310262255	3.084373011998553
30.02257516285264	4.470811558053566	3.3176523219692884
142.71166504819763	4.1678330592003565	1.5194057834931258
98.6786660801683	5.873201284079725	1.8070242062362314
31.370769966194356	2.913794550958582	2.286093798200768
621.1107012922263	2.2450502552467286	1.2469311030305157
245.6705806823256	2.6254030391056076	3.9547701930118677
783.3196666085519	4.328421811566334	2.0311471146137574
224.20682815361525	4.061077864181143	0.14740958346899302
2028.1465386268837	5.051238604186969	0.010575274967346688
2808.4722767034264	4.581441262250328	1.0967554578059666
1046.7698126861603	3.53310783357012	2.694332874784502
64.48029413437385	5.936911359524205	2.6115946506453778
42.00156392048268	2.4465946016554	3.4152271893233244
401.32190351857986	2.1194149511877964	2.1459194703263083
2683.280333644278	2.485038199941998	0.2227484823016637
16.617790291046056	3.61521751032787	1.174400454945328
0.3394020031931745	2.361274881442241	3.774444007848356
167.47335735623724	3.2166823785732372	2.952935371114862
780.5392710258143	2.671430264537726	0.9149160843419624
597.7423706589136	3.0845399203359607	2.483629205698828
1229.4973828765403	2.4893265204872232	2.6116213417489664
483.5440335582813	3.6079254832652006	2.6031028456360317
162.70408673755773	3.1332666207392834	3.6329913806091154
976.2591360208123	2.5482891486861052	4.267320087876073
0.2879166660324639	2.7559032133531036	3.3287193012822116
21.881355173917598	4.148110240357691	3.74023092669294
-43.6958893417876	5.718423889805359	1.0914597626154166
-1.7824926157144514	1.504501004568292	1.3265695457463584
66.51314455253656	3.3098902614292496	3.283653881467731
692.4886241975663	3.7955761277152926	2.9725129477858325
1810.2252348213972	3.2224590137323412	1.1422536660948104
220.59518915757985	1.7745572053777323	3.0454841791146894
429.44535697232783	2.377673865436661	5.638851559869269
1028.8953712174534	3.1925788448818424	3.213231976827962
146.55540400976636	3.5311574817591396	2.909796737436653
236.8456277800974	2.1983995946868267	2.5668773511669376
150.14226959887657	3.6257393411785803	3.3115703629242876
1069.8678974590212	3.3345282628727326	4.584350433104779
90.17162701668066	4.7130043520814775	1.775495207621984
10.225625413144764	2.9026905988788614	1.991880339813862
81.97240073128496	2.215332299775391	1.0186866605705167
291.0680314087444	2.267078289187183	3.1553797371672374
162.69884720171368	4.89242465234312	0.17254053027105223
2106.685296626285	1.9265977122406936	1.4594985675998542
370.2952822501417	3.2488287401323417	1.2044037438157598
111.30718659919518	5.45788769460249	1.0975771489236725
242.2814711829778	2.5018609729648893	4.3173192112796634
1776.38538561906	2.691641057053072	3.187986806561581
219.0105535765005	3.4569763055013807	2.9184239183017575
142.84121145257322	4.984875868022716	2.1501594356092575
81.24266735926558	4.926631383476386	3.6269495016253352
171.68897412597252	1.4171002530769061	0.5905172687127244
0.45166289842590135	4.006851341920335	2.635843570410471
115.59003643057201	3.4734052651084486	1.1336684137999153
381.83367234731776	2.036775630150365	2.0581935183558056
480.48280610909853	2.316728989200458	2.5056900299937515
2299.4340010097376	4.532383857456811	4.083199724652111
647.0088909153719	3.080643164545574	3.247486276459671
224.15417462415192	4.3373703064361	1.6606612059294819
48.73890528399888	2.079753246538227	2.6673717989363706
1007.9280839338408	2.500484099792426	4.5014640608604
-48.65562201153496	2.185668798340537	5.584538315268959
152.17916263754162	3.0912839127421092	3.5112640641022685
19.332962668040963	2.570006941607061	1.4173907663652245
23.656121203776088	2.0629097148392885	2.2812297627072913
799.4726584153273	4.0860023722789665	0.505793181927737
262.247915524891	1.5786565147314389	0.9048869422623254
339.42863143010374	2.711080286410902	0.2810421744433248
3070.3466544075036	2.0359812109495383	0.0184182732932781
239.95115166812738	2.364891178935502	1.2628182645403894
1036.1360367819257	2.7670295458067273	2.926948082514319
-6.676698859369743	2.0176596761209282	4.662264642427087
327.8436773977774	2.6113596232045224	5.231691851342529
388.1699562111467	2.758387687774229	2.1537650235373382
528.5863864505475	3.728637056615349	1.6519782215292744
194.45652659750638	2.7671551036186743	1.9996964945936189
118.25880510993609	3.6762667189168226	4.0126911519625565
2426.9102828343666	2.7125139657828607	4.705279837141159
1149.9670565913582	1.584637771757059	3.6391982952803006
2145.8171793176957	2.135460155844859	1.7523897390780105
1068.8401637349034	1.3789034749087064	0.018523146349109208
114.19614707512223	2.632906749531246	4.807151369184145
137.13564108317465	3.241802275335808	1.5466666663977242
546.16114539037	2.6844118639995562	3.9909827050487188
151.63810461661475	4.679571720733413	4.0322867716913375
57.26014064648075	3.1166565073620895	6.344443405875183
2255.5589691334194	0.8162777370874292	1.9577907636072782
312.52123489245	4.496167162202942	0.7566501017817369
586.7958948980042	2.270118545455354	1.5075263877875171
79.26033621296853	3.5615056373791396	0.5615784855346739
341.37193047690687	1.517007766181149	0.7811428468080145
2081.260451680259	2.1043010404183695	2.5456900746192117
471.15732695574604	4.339373314350908	4.990516655348669
134.91191324201463	1.0977536462461466	3.02197580138525
432.3432967503011	4.131412128066262	2.935651477744359
205.34360196448745	1.762521117635584	4.855791365668338
62.853383266596836	3.3144270260942177	3.307227069247814
1044.2302273171626	4.109935416536053	2.1561144018624376
423.1291350565906	6.727316893652946	3.3424568544502375
215.25944713200872	4.558121568737	1.6265563503285148
2223.0370735921133	4.233884419796684	3.320746115158046
688.2352664893458	2.1774207505466663	0.22398684162678245
341.3559433074483	2.09343910152082	1.0185800437672512
712.8281893259166	1.873695311650614	3.1235632099959627
232.43215941761807	3.0064142712112174	2.486590111532836
2080.8775979768934	2.627521943284936	0.7167723065045787
218.01916697825212	3.0620300274370105	1.5533563368804837
187.64282782648223	1.818320465647787	4.841392109937982
607.0013156886731	2.484618636376465	3.078020501322381
17.335539163062805	2.2066470065700803	3.5259129217454883
4372.206260238722	4.437807226603089	3.362732456839053
-8.939362906552844	3.060832318356205	0.016724191151667574
173.66843594304032	2.152605867735236	3.1099113059141135
248.96459754349456	4.179240469052275	1.523678769112539
804.1740148359297	2.095981282760002	2.103838019071499
3066.16424398973	1.9197627414473664	1.9647738413694464
3028.4654513605255	6.247767783821689	5.624693770036504
881.801827888515	3.376773986931203	1.6336178377187494
373.6468347036496	2.7795365605498215	3.743405891783494
-52.975863606957006	2.7021643106465145	2.879267148436211
46.914662670750864	2.92784748254635	3.302646716087592
113.9565785584652	4.4920029862999975	3.399400987675172
9.04493772795383	0.9779286189240083	3.383071833490182
64.31437285189959	0.860775069395984	1.176950164721525
0.530702102856909	4.702917760790233	1.469909086953743
1022.1869980323813	3.6120184379758427	4.7330994174908945
136.60370952624945	1.542870986815503	3.8681439923369685
113.86997292745497	2.2795327604308877	0.10734927759665099
657.2350965686963	6.628986773794261	5.58740543450765
108.67654029988906	3.136386901439275	2.059795864719822
136.21393352228046	3.1434812747949374	2.723250092836929
50.597001304807556	2.1557535117461257	5.599947483969364
184.74646218000146	3.2370449951008053	3.4078120883944747
139.2716877635997	3.2911492622285605	3.7271120791405044
103.20379599587729	2.333242667194267	3.433686518179945
217.0488753575361	2.479881253682945	1.9055585852045585
971.862265186862	4.162381579535102	1.0337860340209022
576.8188871117793	1.3238588816489791	2.6306939616183556
379.70514375622713	4.209248730796481	2.182979309664928
591.33597398251	2.6263445869588495	1.1091107512993235
24.01456260928336	3.0036340567417152	3.044143908959132
566.9619953358291	5.31692441732361	1.565511035079136
147.89898479974426	1.3417942742461715	1.8305906721856042
959.3704452308858	1.8037369848018416	2.774178485979838
182.3931844902093	2.5621184521586793	3.2975069774334003
4.3620184165191676	2.7109330318568023	2.011470732300396
377.67174182596347	3.7715662097091918	1.6481793970983432
-32.32641151843224	2.2212141196215636	1.3195852112970132
629.0479888886035	4.095172967401793	1.4434606155010283
123.88714671363057	2.6381943360310034	0.41772858167975996
335.7982127095598	3.202217579598952	2.3502705941898356
985.6155800819844	1.830070098679217	0.19694238041017345
406.0297413428334	3.2675431580322463	-0.07926986957929143
1.5748769636437692	1.1971613273492796	1.9475625659778442
1528.4509543940758	2.8512735603754216	2.843652431370643
334.5154582468877	2.0392943549031375	3.1029378305878113
15.000442035857887	2.8198917996238655	1.2364869465217998
138.605838276687	4.655346965081224	5.5634368177578475
56.11861559769907	2.937224870419194	3.352626712054683
32.61689031487402	4.143878244042217	2.086924572404709
86.50959612561765	2.1200390962298736	0.6262060968385416
234.8741546713158	3.3934923584436802	2.946854071224142
1785.3547624497348	4.417189414891609	2.733388448330821
176.44778132485058	2.4313613204164786	0.9652294182299498
286.7415634468885	3.1263841728835877	0.5613766067939814
291.24215644580727	5.053033846871906	1.1163386764905907
203.99370639303697	4.652796526519251	3.948319345678586
348.8533513805734	3.922273246339803	8.827498500942328
21.212405167719737	2.7875121005457366	1.8325136746593702
97.62255520459233	1.9382697200564951	5.490307194791009
164.72079093189478	3.8002515423417877	6.320876808395386
702.1429408242187	2.4244786970485137	2.2765543204023495
221.39285899678305	3.6401450465741267	2.739030527147581
125.74894363587015	1.7492711068459885	0.5284549160853073
2934.6687379782243	1.2845731512916003	0.23335101876571912
425.53851078037474	1.2166838843225196	0.23164575609374194
1091.375960171847	1.7359345693970876	1.7758392383675174
1100.5773785252845	2.390666061199219	1.0480994206859902
1330.6107883831335	2.4003601486826724	4.588317122780543
94.7027049105558	1.9245456221474007	7.351440842606762
53.323521364883405	2.5688045990055057	3.6667345896460874
29.136112348024778	2.0319525025129086	6.231332473303882
217.45358600277578	3.35105036717727	0.6146648676555675
-3.93159983085287	2.766909504376731	1.5604466588494728
133.69343055101646	1.0427045065117198	0.6249126835599679
975.5236133970184	3.635311885991582	2.502118195277002
92.44075181935449	1.5866045608628003	2.856004102144264
225.23594649270223	3.9156764929191414	2.524738998624592
3059.2581807250685	4.365491949606423	1.6451352750544581
519.1933285587155	3.623952709385358	0.45033624139581246
320.19424233024506	2.818261149933427	1.510009114413796
-44.61581929830918	2.3609009358552355	6.11396119194694
5.097845283090809	2.826769168287581	3.6532918679154176
27.103981248329873	3.1433290691347207	6.317419972046753
118.95640376548326	1.8760448643685745	1.877770352671018
-0.6300775116192403	4.427088082636048	3.356638861710922
85.77466666096865	0.984874464077334	2.5775073405146762
275.42930890868763	1.8467298763409332	1.192713866236925
335.92864646800064	1.3750965891456943	2.6362337386776677
464.3581953579061	1.9002449675348188	0.968187462473321
912.1978077415822	1.9594924127691948	2.473882876270127
417.6550704097532	1.183766206031207	2.486781404856045
147.9487835861004	3.1900114606614696	1.553979405033233
-0.4323912827944305	1.1721521701108435	2.8420603748095576
180.33984466082342	3.9438528872976977	3.3961702626390866
21.361382461006006	2.3369615538670563	6.411573903653814
47.99535755414079	5.4017210478254665	6.500644965433808
842.526646225499	2.8976781368487345	0.9945128658244015
720.9250490459071	2.1295498231045564	3.7845421419648906
28.187301733470747	2.863440346651359	0.2967516652367585
799.8992959423658	1.4120716590166602	2.037358010059677
436.6904085470958	1.7500395697671736	2.49225148763668
1285.1720839088139	1.4676142464789073	5.003548226081537
135.64880171021215	2.5572644218261664	2.839936335487106
-6.537459845569341	2.16293409270847	2.8915113639931773
1229.734844963088	2.615305282000386	2.243933354886951
541.7131277809033	4.456226368600895	4.2354145123025
-41.84279891083659	2.165601828528426	3.057887565283027
383.5379892203032	0.48745511826276006	0.6669339923978743
-4.151840123546451	2.915157320718135	2.0132212495862976
1.0422599344996564	0.911213145726637	3.057919973659517
576.0837724141784	2.6622066973172798	2.9007309654445264
622.7918867931345	1.568692838843429	4.307443358529473
228.39909233224031	3.168739797529125	2.4453247661851236
1125.743434405957	2.1233527013333524	1.5257319511817715
1365.0415754938322	4.517149993455555	2.82660072352625
833.7914386867196	3.6375723344340622	3.102342355755551
52.40721242439581	2.240410845604015	3.050303365008969
51.2774234867266	3.223835731487238	3.3177621639796957
23.392079217895244	2.7371670284491993	6.245313067587355
14.579280006657832	4.559444153795138	1.9877234099153347
189.25853051553645	3.6328611087516567	2.705380605715154
82.4735140789777	2.299198612157681	0.5291539500734764
144.3050816406423	4.061441203135057	1.1419241897590906
120.75714720206636	4.0559217139972334	2.3038633476719457
478.80315696655106	3.8905189781052614	1.5475917012810074
1070.673757021913	3.0045711035429634	1.0382446381981887
617.3284361605722	3.0970415155677946	1.6788230560022717
220.66772018466426	4.440785490121861	1.5595037323578251
1579.150913672605	1.1338108290537219	4.561702499464355
457.6912953706497	4.220742305861978	3.2447692941416446
18.657852256820647	2.2398617288855687	2.3086245181035174
540.9104577300709	5.0332210606478505	1.796536048245333
2.2254215681034446	2.8500465330974607	0.903267972574807
704.5470615250074	1.850353685761419	2.166635626539581
686.7806470820356	3.249276970919569	2.5231285670050707
2356.141359321015	1.2585867416185021	2.178511971943635
240.01166701038863	2.7673935915483323	0.4519378659580928
588.7727059800428	1.8707143088574707	2.986550398035007
45.56630359911387	2.623644074007348	1.6053558215177148
1620.4284427994824	2.8505160459230594	3.883945326246291
-59.92243310105003	2.2519413851791903	4.044381626300564
197.7879708541231	2.3318394728763296	3.4722909652532943
-24.93895100518536	2.2040394489248616	6.194366327926288
91.07021616521303	3.88745284729781	3.2294457361488114
181.54565380946474	2.779151429342189	1.2751582502053944
80.8080135550607	1.186556171652983	0.44721429650885425
676.5614564805812	4.0695592849123	1.905853266930613
635.6989449819077	1.2045952051300595	2.757819808919354
235.1573251259555	3.8308857845446727	3.5562013305247153
139.69748432217	3.3099879351479045	0.043452106366054316
374.05992130397135	2.6268200555113546	0.6745455348588156
135.93324644266139	3.8993238585813987	1.4233528410619072
257.1638824896738	2.075930250689866	2.2459885257996888
136.71892169142637	3.8906936604582487	3.6337198771213686
451.67944821350204	4.430886102156729	2.556263475922144
16.72074732167891	4.004022328500305	1.171395257779059
137.05720751853286	3.837138429278873	1.244939140894909
178.85448945468696	1.9332942532532833	1.6233044379000041
69.1888978138686	2.7438193288537684	1.1494448505878303
839.2614465211243	3.2010510037946043	1.556990705934627
226.81228051311757	2.540102666738909	1.9674665097331467
1092.3502243451403	5.744963654829897	3.0042328244082173
1565.1428695266056	2.157770847236741	4.270359075982591
94.3708692250823	3.4396161370363125	1.8595011947162825
245.74798919608023	2.2067463597146912	2.56428958038969
34.114204687490464	3.374429702192166	5.230436118677983
8.1942562459149	3.858545006472737	2.1486916528310065
130.07910955089403	4.983047711309151	1.8012824360694109
165.760171755148	2.553085008357438	0.11847478295092347
914.452062226884	1.7281208423435506	0.33690343341180606
1121.2570719040257	4.069024196823005	0.38859033442194535
925.9723597241186	3.90995224936009	0.44439208553963133
999.3139327900625	2.8637351059312115	2.4621733722907546
7.608691034911873	3.232905485689097	3.977811031652494
120.27522464092654	2.38099184398815	2.8235170657114845
82.6770965208975	1.3621629068821508	2.66676395403295
1119.0961227941204	2.676033806569044	2.489376799785768
33.74724513962014	3.1941772979591874	3.555127641276312
132.19958185634448	2.281811206107253	4.607460852483423
-33.63071556278431	3.537033169134041	0.20371862816307906
54.91586988734992	1.857136111867566	0.12539851039107955
573.0931653359776	1.0916826797958226	3.8330322189040307
102.3595989626044	3.5742250169121883	1.2787028951108577
269.98225891506115	1.8035363610905544	0.8091874800082475
874.697803972016	2.6585259261562904	0.879305374857986
901.6280462377706	4.281553425276288	3.0056705512363173
339.3468757365408	0.8709167829479729	3.8654651788681234
222.979588670625	2.3263396644514867	3.3397876176294155
-52.349410722058536	4.381055936199234	7.365221032869551
23.825149136120285	2.5071516126868905	3.6105323444934307
22.80033807941808	4.911965214771016	6.067349754969709
945.2066979983183	0.625514115958702	0.7959295631822548
50.68576714542032	3.499582930644655	1.1396427047256181
117.41602874680436	3.2731621244813023	3.1653813612328006
169.79875894135645	3.730663078042014	0.4029476144172718
2712.264895449798	1.5937395217720587	2.162049606545738
331.7610402577328	1.2487295762867556	0.0239624561052507
1180.451628271654	1.9955814381505346	0.05811544012564337
153.71170071748313	2.600047808416509	0.7036411990266189
422.5636588354404	4.526071242340429	1.6683652136139164
75.49687594657992	2.372014025636829	2.922027574184605
57.69525797605812	2.902205214506376	1.054978442422188
188.46593776217617	1.5474418764696487	0.5271810529279917
70.20836408147044	3.9546480036399503	4.536968061509144
126.28771246324656	2.666728185777254	2.094725104287158
253.89513007197618	1.334220153098497	3.1036366882640767
295.4070609708004	2.082606794985184	1.1416544130694464
113.7770882783487	0.8593475673046463	0.8742668157279411
227.01602342709015	2.7926841388340584	3.344185512602732
387.55528704917	3.2202133116277922	0.21659503725456222
579.8735699746068	0.8044220011558938	3.2996741647819046
166.34705343422354	3.575273950598015	1.0625015530859363
51.49457258165423	3.8868564850712297	4.614908068408974
641.542215239089	2.851744364380972	3.3658435309183616
156.03855773564402	2.273175746813639	2.3283526030740105
15.819961000024325	4.013451612992023	0.3819757412205638
405.138850383636	2.8807690343721	1.1424462336947634
1.1429179631403983	3.695045528517673	3.457829849482273
635.5531931353263	2.1662897641738015	3.336994426224052
328.85418440158185	2.502741684893648	0.8766276883373404
247.4171123888587	1.7988717252028714	0.09846756664285955
826.6997113074466	4.5171261806797185	1.3690392707561303
88.56819668597356	0.5634525118399014	1.0904951007080708
159.01049965565733	2.730826839928024	2.8316851120082225
249.17511765916578	2.342630632709029	2.12860926259643
460.0754585657165	2.6142379218519167	3.2841687412008653
78.0904527698564	2.5436553644505504	6.5216551471652915
89.83051813187302	0.4523011494114688	1.8312842868876171
-2.893817588077178	2.872795984400853	1.2514375769597885
121.78084418598766	3.7098802372188997	2.522940059154496
174.27772221494203	1.5661165576224103	2.953801205343687
283.3696248523745	1.9644685167679585	2.3733524873844662
