Flow 	 Preci 	 Evatr
816.0	2.03	0.97
2394.0	5.09	3.75
3144.0	7.49	6.64
2366.0	4.49	4.02
1499.0	6.44	1.67
357.0	2.67	4.25
71.0	1.67	1.01
59.0	2.25	4.11
-35.0	7.25	16.67
98.0	4.48	3.46
331.0	4.8	2.26
1757.0	6.47	6.19
1884.0	4.64	5.52
2558.0	5.2	4.64
3177.0	7.66	6.85
1981.0	4.48	3.45
1079.0	6.02	7.84
221.0	2.04	4.78
1006.0	9.82	13.04
424.0	2.12	1.01
25.0	0.55	1.64
76.0	2.93	0.78
53.0	1.35	3.3
339.0	2.67	2.9
1039.0	4.61	3.84
2497.0	5.37	3.34
386.0	1.39	1.3
87.0	0.46	0.2
248.0	4.79	2.68
-4.0	2.23	2.08
103.0	4.68	3.34
566.0	6.39	5.56
101.0	0.33	0.32
31.0	2.85	2.04
2565.0	9.97	3.82
742.0	1.39	0.7
340.0	1.32	0.54
453.0	1.87	0.03
1120.0	2.98	0.0
134.0	1.1	0.18
149.0	2.73	5.76
-52.0	0.84	2.77
24.0	4.2	2.48
709.0	6.99	13.27
-21.0	0.53	0.62
-38.0	2.0	2.34
63.0	3.26	2.47
610.0	4.1	4.52
1919.0	5.88	11.23
1908.0	4.23	4.98
2274.0	4.54	4.01
1776.0	5.46	7.38
305.0	3.08	1.51
103.0	2.48	1.48
31.0	2.58	6.79
-35.0	2.71	4.48
194.0	5.83	6.68
-6.0	2.65	2.2
79.0	2.48	4.12
241.0	3.86	3.45
784.0	3.35	2.03
607.0	2.24	2.5
259.0	2.09	2.48
400.0	3.48	2.02
229.0	4.97	1.67
48.0	2.43	9.58
11.0	3.23	3.47
-3.0	4.12	1.8
85.0	4.79	1.8
172.0	4.14	1.9
558.0	3.85	2.71
148.0	0.76	1.18
340.0	1.7	0.67
2218.0	5.91	0.59
3239.0	7.06	6.39
1743.0	5.61	7.17
1457.0	4.42	1.39
723.0	6.62	0.47
981.0	7.3	0.0
1151.0	6.3	0.56
239.0	3.96	0.0
904.0	4.91	0.04
622.0	3.09	0.1
1247.0	3.12	0.0
1310.0	3.93	0.0
2029.0	4.32	0.1
1079.0	4.17	0.0
1409.0	4.42	1.1
1565.0	6.95	4.06
195.0	1.14	0.0
57.0	3.67	10.38
163.0	4.67	6.64
-53.0	0.46	0.1
501.0	8.16	2.26
140.0	2.08	1.48
613.0	3.78	0.44
2084.0	5.15	0.0
347.0	1.31	0.0
1728.0	5.94	0.0
529.0	2.63	0.66
219.0	2.72	2.06
62.0	2.03	3.02
59.0	5.35	1.0
25.0	3.13	0.32
146.0	4.96	1.84
18.0	1.93	0.12
36.0	0.98	0.12
123.0	2.73	0.0
1174.0	4.84	3.84
575.0	2.45	3.34
978.0	3.77	1.3
497.0	2.4	0.2
148.0	3.23	2.68
325.0	4.67	2.08
198.0	3.98	3.34
119.0	4.19	5.56
72.0	2.35	0.32
136.0	4.54	2.04
747.0	5.08	3.82
724.0	2.84	0.7
1868.0	5.13	2.03
792.0	2.66	2.5
3718.0	7.57	2.48
2403.0	4.99	2.02
321.0	4.32	1.67
20.0	1.65	9.58
0.0	3.22	3.47
-16.0	2.2	1.8
5.0	2.68	1.8
28.0	3.27	1.9
136.0	3.6	2.71
398.0	3.69	1.18
784.0	3.99	3.18
1213.0	3.31	2.54
2704.0	6.9	1.85
508.0	2.57	5.49
115.0	2.22	4.92
55.0	2.7	9.64
201.0	5.66	2.25
136.0	3.91	2.13
-19.0	1.49	2.75
190.0	3.65	3.42
83.0	2.38	6.25
58.0	2.38	3.41
843.0	4.25	0.0
1406.0	3.82	0.1
1187.0	3.13	0.0
102.0	1.18	1.1
156.0	3.66	4.06
1935.0	11.0	0.0
496.0	3.97	10.38
153.0	3.23	6.64
13.0	1.73	0.1
1178.0	8.27	2.26
1295.0	4.77	1.48
700.0	1.84	0.44
1682.0	3.83	4.52
1341.0	2.33	1.92
1300.0	4.1	3.0
864.0	3.63	2.75
837.0	5.03	0.0
230.0	1.89	2.29
164.0	3.5	3.27
402.0	5.28	6.28
4153.0	13.24	2.16
819.0	2.91	0.0
597.0	3.32	2.2
1331.0	3.82	1.15
1151.0	3.56	0.0
1533.0	2.89	0.0
1089.0	1.92	0.0
1712.0	5.65	0.66
376.0	1.38	2.06
371.0	3.63	3.02
273.0	4.26	1.0
-47.0	1.31	0.32
37.0	3.77	1.84
47.0	2.67	0.12
285.0	3.66	0.12
312.0	2.66	0.0
3006.0	7.91	0.85
3393.0	5.13	2.41
4393.0	8.37	3.59
959.0	3.74	3.89
373.0	3.95	2.79
114.0	2.36	2.61
28.0	2.83	3.24
31.0	3.07	3.34
80.0	3.82	6.91
37.0	2.99	1.36
57.0	2.19	3.3
278.0	4.75	2.96
1598.0	5.51	2.32
480.0	1.9	1.46
919.0	3.0	5.51
859.0	4.87	1.09
214.0	1.22	3.78
110.0	3.28	6.78
34.0	3.28	3.29
201.0	3.48	2.15
5421.0	17.8	3.25
607.0	2.67	1.2
296.0	1.59	4.23
419.0	1.74	5.7
1127.0	2.48	4.52
1579.0	2.56	1.92
941.0	3.2	3.0
1372.0	5.66	2.75
441.0	3.18	0.0
281.0	3.82	2.29
630.0	5.34	3.27
455.0	4.78	6.28
279.0	4.42	2.16
-9.0	0.08	0.0
91.0	2.03	2.2
148.0	1.85	1.15
160.0	1.98	1.22
473.0	2.91	1.87
1986.0	6.28	5.78
799.0	2.6	1.16
121.0	3.12	0.44
332.0	4.59	5.83
326.0	6.46	7.89
247.0	2.71	2.03
82.0	2.33	1.41
-7.0	1.41	1.24
4.0	0.49	0.91
74.0	1.92	2.04
568.0	4.29	4.83
210.0	1.02	1.21
333.0	3.01	4.24
159.0	1.57	0.54
-11.0	2.02	1.41
-66.0	2.32	2.29
-3.0	2.87	3.67
56.0	5.18	5.84
99.0	3.95	1.81
1814.0	7.96	7.58
1026.0	3.38	3.43
1965.0	3.32	4.07
658.0	2.13	1.8
2131.0	4.77	4.29
2953.0	6.71	5.17
2923.0	6.29	4.54
1617.0	5.47	1.65
973.0	3.15	1.94
882.0	6.48	4.9
823.0	4.28	9.7
646.0	5.77	3.48
189.0	2.87	2.97
268.0	2.18	1.49
1092.0	4.12	2.84
240.0	1.2	0.92
961.0	1.99	2.76
403.0	1.54	2.28
479.0	2.32	0.91
289.0	3.48	3.1
67.0	3.65	4.35
179.0	4.68	3.81
995.0	8.72	9.88
535.0	3.95	4.43
183.0	1.76	1.42
585.0	3.25	3.14
707.0	2.11	1.85
857.0	2.87	2.31
636.0	1.91	0.25
1463.0	4.34	0.39
589.0	0.74	0.34
135.0	3.52	2.75
141.0	2.66	2.8
36.0	2.44	5.54
17.0	2.15	2.14
-56.0	0.76	1.24
37.0	2.77	3.87
132.0	4.39	6.73
688.0	4.98	7.14
368.0	2.67	3.18
343.0	1.84	2.54
103.0	0.84	1.85
324.0	3.79	5.49
131.0	2.87	4.92
1259.0	7.2	9.64
516.0	4.37	2.25
16.0	2.83	2.13
294.0	5.5	2.75
179.0	3.68	3.42
2360.0	7.53	6.25
630.0	3.42	3.41
1082.0	2.13	2.44
586.0	2.11	1.49
1023.0	3.41	3.04
1060.0	3.54	2.75
137.0	2.7	1.91
47.0	4.28	4.85
-25.0	2.56	3.7
-46.0	1.47	1.33
-44.0	0.92	1.57
86.0	4.55	5.68
1.0	0.58	0.53
186.0	3.98	3.06
101.0	1.52	0.85
221.0	3.26	2.41
887.0	4.81	3.59
1114.0	5.82	3.89
223.0	2.92	2.79
81.0	3.73	2.61
174.0	3.17	3.24
252.0	6.6	3.34
1930.0	8.02	6.91
66.0	0.85	1.36
230.0	3.31	3.3
990.0	4.12	2.96
736.0	3.21	2.32
298.0	1.54	1.46
2357.0	6.3	5.51
542.0	1.98	1.09
197.0	3.93	3.78
638.0	6.29	6.78
30.0	1.94	3.29
26.0	3.43	2.15
117.0	3.64	3.25
17.0	2.18	1.2
1787.0	8.49	4.23
2768.0	8.13	5.7
1546.0	2.99	3.82
2200.0	2.79	2.68
835.0	2.71	3.1
185.0	1.06	1.63
1060.0	7.08	5.78
130.0	2.46	3.04
40.0	4.07	2.07
30.0	3.2	6.62
174.0	4.75	6.05
78.0	2.49	0.88
18.0	1.05	0.78
107.0	2.77	1.43
110.0	0.78	1.15
237.0	1.72	2.05
621.0	5.37	2.81
404.0	2.9	3.2
342.0	4.37	3.08
-19.0	2.81	3.72
-8.0	3.43	1.78
-15.0	4.08	5.14
107.0	6.02	3.85
41.0	2.55	1.99
195.0	4.27	3.14
245.0	2.54	1.4
155.0	1.58	2.04
275.0	1.94	1.97
913.0	3.34	4.2
125.0	2.73	1.48
348.0	3.58	4.17
25.0	2.08	2.56
50.0	3.87	5.27
141.0	5.71	2.71
465.0	7.51	6.47
57.0	2.8	2.5
1.0	0.43	0.59
250.0	3.43	3.0
854.0	4.0	2.65
980.0	3.82	3.54
494.0	2.22	1.57
614.0	3.75	3.31
995.0	4.65	3.34
1348.0	7.62	8.36
1262.0	4.77	3.41
268.0	2.33	2.24
12.0	2.49	3.45
5.0	2.69	0.79
86.0	2.77	3.15
1000.0	4.75	5.24
2275.1009524949477	2.054945510348147	0.8932766685692146
402.54865030348094	3.0301112588919503	1.6110164630638693
1879.074530437439	3.090379525970597	2.8385555266770215
1553.3107848396605	2.642359886219659	1.5371737924550228
238.48493538240808	2.4202673983290177	3.029373564256836
30.900837737026745	2.5705134275887707	3.4570004263519984
108.94135166783337	2.1637900752948456	2.159095627177226
93.19037521430269	0.8686458433889709	1.7006941647330227
-16.96503227256789	2.8169993844077275	-0.018138568397902503
599.0299808075638	2.0887250912317756	2.8587282520362827
1028.4579593422866	2.749467098518202	4.871750678330604
1061.1179287890518	1.8626365719860614	2.854363901542771
588.8868667220279	5.042505230412166	0.10912117858329365
2996.553209614309	6.902505973500954	0.4512109379277228
499.9931651254987	1.0737880661008272	0.22261001205545547
267.532836253064	4.129002552007819	2.7275216360530723
46.04586243250707	2.4136436599876294	2.548703683010643
50.41730359359758	4.592867368248261	1.0358385027012262
653.3752807801027	6.34825697673757	1.9713039994445132
237.42784511018976	1.94460574672334	2.0607497743244583
158.89001834058269	2.618506000644094	2.4246214073275376
58.98459783770946	2.1795113936021644	3.1901545829474474
381.1641700891848	2.6178845558657877	0.6700164729711809
349.3682796174314	3.142564361227619	3.79391893517114
1489.0801958799386	3.3914839317482586	0.2159444418679512
387.3002999422428	7.144549331034637	-0.039126035868424204
2099.9170843615775	1.047655026926961	0.5802581500055218
220.49261829229246	3.9416250781302304	3.8580447656793235
56.2156740341032	3.5679905393562747	8.333324541567292
328.24024546722217	4.893060151920691	3.5299303970710882
546.5576331966195	5.620192132050234	5.559227255522964
-39.73677749984836	5.932800383551824	3.4318795295050233
595.1153212101694	2.835754933757239	0.8453542814261158
31.889629962712775	2.6763259010774343	3.3397640956106267
858.3735348059499	1.8083177052458996	2.5464259654795085
238.15417565202162	2.78851837435746	2.8986224390154396
1391.3807465581056	4.913347382673178	2.627702430445487
785.3759020536646	4.784998230852927	1.5802780622156434
1859.521290618674	5.6368825798799795	3.9347986697337793
322.2785168116398	4.239141442105714	3.357961413918998
214.97466313224322	2.966780568924248	2.792147343040034
43.54141009590962	4.352791692635779	3.3089916327160527
31.960595566329282	4.673840576403123	0.980891042071104
81.81201337293048	4.777509488930336	1.4915669035969434
78.87207417205525	2.100133907171971	2.987793552497636
162.28663621713437	4.807867900279023	2.427107460828765
2199.2549018199597	4.1356935627754146	3.413394684571188
950.3536116927628	1.6328710880803479	2.017285940723718
1448.143344471838	1.8950578779154428	2.562873646250491
3787.4040150012256	2.9625785392694053	4.321074894131206
15.695894875358483	2.691218714245127	2.2328669290939773
133.8516357375258	3.3865752963821025	2.6188118607615576
222.4569436525281	2.950077052796051	2.8061084780174
34.072843071772645	4.337178851387245	5.307775851553182
194.86678378188464	3.642532992320488	1.6498251838092808
78.78777028972081	3.837770756333409	6.510412257120896
37.37249688645996	2.673929347084448	2.009062036186303
37.55330156117083	0.9444770526434361	3.7803670770110047
432.3788976259672	4.08943854410018	1.3589913074766895
150.10708055716623	1.9563067347497862	2.6952996355836625
2198.7028825286325	4.875267561329389	0.09555897250854312
918.9024923502958	3.0109432378795877	4.866343454013774
962.251954948987	4.463526289229957	0.823217219923339
169.02950148495455	3.784278349621859	2.7562582057316907
227.3541605842307	2.673294883266857	4.673324311723363
-9.648919083191705	5.127640377692439	3.399364597731915
-48.313502865771795	3.527144983960402	5.215103382319538
144.8706409779934	4.659337156627937	3.3974200141907387
78.1023508362354	2.674654753290975	0.902332654991688
84.99363055524675	0.9524283830340405	3.329353705764009
694.7780046359557	3.8611934098665945	1.2578792803971353
147.08187643651104	3.366671370548893	1.997552540601664
277.01965862454733	1.8457548075943222	0.08228550021711671
1414.0025357229754	2.742950288270848	5.2235519369037595
38.12681298946443	3.2909534712709236	1.2472907551407542
218.9165014786719	2.819225385087516	2.7793903298846026
1.8951665172269057	2.1570515618164063	2.826094505398122
36.635168768917204	3.233732777697882	3.343761081343704
27.465001428035873	2.442943682182737	5.469856848495181
476.80779049311946	4.692868390252042	3.256409622079331
1219.862848785715	2.5558765825611354	0.8297326898541768
2096.6965570547927	3.775375849036123	1.389693082614571
684.3604840003755	3.9919844845964754	2.9868640550899084
2668.694355732319	2.9402822493076233	0.4348197063486723
621.9898468829177	5.007837759860643	3.585374206822513
1034.1955095179799	3.3818090152193925	3.0781126884428827
617.957322321299	2.631679963144546	1.089817665343149
262.1290412877721	3.1438101962726948	0.6560310504477317
127.11977531380283	2.682091207125268	2.28198715065305
68.04192691245942	4.048944830765181	7.021342174416571
35.00118281589162	3.2002349374655035	2.141309052923949
249.20535913058876	6.2380407191149	3.1499265199643105
17.49597599578888	2.904357424848901	2.496591502075791
653.4349765498985	3.7157858215841726	3.302043755632696
133.98138012832806	3.2380790900721816	0.8670151894669399
1617.1661044739958	4.77509045056075	2.0106339222647085
563.2364412282352	2.9016762711334807	1.893985671185896
3175.8246843619454	2.9753407309621447	2.469624644545962
193.84236412433597	3.676983005720633	1.1281343671179227
258.9702601224554	3.697513736338456	1.6630491903603397
53.73963425976733	2.7529742749065154	2.015383662249112
41.25836245649556	3.1651087072325303	5.114317432987346
82.32961310304937	4.132700332173993	2.826429987790146
130.6929392014765	5.212963926344555	1.6309641203386311
530.8822573110164	4.508562124520142	3.3155230978717025
174.63410292315973	3.396954322945563	0.7109801972809
65.41787307706872	3.3784910229845178	0.6849329086786634
1885.611144078432	3.9442809407553923	1.1025287948174705
564.6363118783856	2.0542184072176135	2.063825519479321
981.7434062456447	6.997045677138204	2.997693206333158
2268.6673053097	1.0502827159945547	1.7588100405725153
4.571864805816448	4.5559271306290965	2.045213678102309
120.48809667743062	2.676551853216411	2.493661472036286
413.6143951354197	2.7651331682620977	3.4439440650097675
-6.1791253013106235	1.9014511844214617	3.1360542648236427
-20.855989944142138	2.354067813765943	3.285867017005816
316.55430865053	2.6688914236878856	1.9686142260751986
83.35636939237237	3.2959445554944025	3.297857805664842
1209.254257381581	2.7248931523884123	1.1001936065584488
1832.438344677479	3.6754169984593794	4.208528930393648
1028.7234071803043	3.84241934102161	3.37814497556812
1097.7435921908916	7.079263725720753	4.483045256809275
104.01135001547941	4.886500994970584	0.7445137007636218
958.8380010122372	3.53564929596699	2.506968281531525
47.76780616879712	2.2697463666895317	4.316453513292773
175.72200740184564	4.001590566150379	2.090498906591782
50.717939170813594	4.123576622950769	4.987465915512689
80.32836498576712	4.938309608691176	1.8021100018695613
135.89215429916027	2.3701269206632887	2.39302176491983
1950.2793031013475	4.221443558264192	3.5467689301735574
143.74096242280189	4.569529929779697	2.6182373918830963
326.5695790281024	1.5951761128100146	2.2954957675108596
2228.5390826213716	2.6035581713284235	0.06607636239710124
703.4578745008206	6.831810071713731	0.001982582617473995
498.5621848388307	1.0982242947738239	4.869709825547741
131.8091997684189	2.2542606123440776	2.6966923467226804
1218.3922780926632	2.6832011071517243	3.3390802889856848
174.01879298760764	2.6413750668709426	3.274622868438011
1095.4009328868394	2.20019614447254	2.152443541988117
79.52926360153877	5.863216298079822	0.1828194057507743
1559.2258385253126	3.084450490504154	2.206439226471262
137.19594936647917	2.173402865652723	0.7432776037238823
53.12919600945349	3.4708955240679535	1.1728085300206674
2198.663284908053	1.2935886586911722	1.5033957036315342
319.77991594820475	2.541860792403621	2.42194985164841
981.5580852455147	4.100723977120717	2.2765215395638596
191.49192385544086	3.904753937107431	4.647227362969575
132.96191969703034	2.88349453325446	1.1069787095981818
632.0158766825581	2.594095910809677	3.0169267609922708
1057.4686481868923	2.777094469324272	5.587766836038318
45.72495658865745	1.936893514135444	2.1341524276496893
60.728319618270625	6.420969209900437	2.126013734575121
34.5955242296197	2.66996164244274	3.503036609877702
1570.8826390571105	3.2725388143302596	1.6045865210086399
621.9553630229245	1.8577066849916044	1.2908986738479795
1858.1370801113492	4.372039230290728	0.7162070653984011
579.9863000042691	2.8784522008833338	2.445746343183081
218.27000557491465	2.1339814489580924	2.336565880504369
113.6904667342603	5.4152145470038064	2.98844244060086
218.3496462095193	2.7215001586978276	1.1959651457457858
114.67217177236145	2.6922475231904377	9.459631475807791
993.6539818170913	2.730834865131056	1.788353452055425
26.525927815582275	3.1764367777744447	0.9492712271909345
3347.0079189884636	5.652605812594295	4.102142906148421
775.1848119416137	3.582991153698654	1.9913467006789005
897.8036872464382	0.7054216858967234	2.8096526021033985
172.92933437633238	2.796140308830027	2.029086504029026
73.24482111393365	3.338330873823168	0.9028052951885105
2102.821361889458	3.762798253501095	2.5127105445714855
1394.7034592527232	2.929312283806895	1.4856961827884532
611.9891242523297	1.4029948711229963	0.6644738709774805
1414.7571168093377	4.387808185061335	2.925089577379198
58.579252093793414	2.1787218185752604	8.341484663216075
613.734962993759	4.0973237002616205	3.5821257964132203
25.664608647194434	3.194270098510848	6.252217158446143
181.3906662989476	1.6852320732257562	3.4629179841319497
-3.5305135925647533	2.9412435458444834	1.3384610038788773
143.19281743276628	3.270571275741105	0.25975315510025876
135.9347188833138	3.509642560055971	5.320506819802013
627.6667236805538	3.8389145254641637	2.517864221259034
199.7503490752979	3.9008987057508375	0.6011756217623092
1403.6601712199715	1.695721731149859	1.4791969983872997
368.3722583515911	1.0831410518620121	1.7511010049892242
323.5754405846051	2.9101149434575344	2.267393937292721
112.36464057821803	2.066693370457427	2.7241626053810664
181.70485912981195	3.865427835737292	3.702965531993378
-41.358653726301995	3.207303195238389	2.1298254624315125
48.708491657366224	4.840055421197947	6.53013781425511
33.76364806828167	3.0346028500066295	2.1316001756592553
45.64841637483362	1.3154613858215978	2.8663635690471145
274.2544088871599	2.6401167708930005	4.710235338478279
836.8304126646731	2.1649506409662767	2.210950846011003
1433.7586189246588	1.8817745925782376	2.8585757454162017
1389.8688073370804	6.72137521566071	3.022996536004304
1111.9765079593933	1.0890422337144647	1.2445183750745406
263.2691117852682	3.6424994001380844	0.9756644577731111
593.0590083306846	5.0892835904107745	3.10187381148387
48.318288231648324	5.434955089463346	6.865394693318304
-9.844266604805036	5.047811699762458	1.1219762719225743
1037.9073378828068	4.731074530610547	2.019522211184084
45.568858135132274	1.7358752987863406	0.747061251109105
0.6994697525572446	2.1023614136295508	0.4542077303823282
94.07168422792279	2.1265075532800277	3.272078754830832
665.9383971726484	4.5279264468728755	2.4321189762556568
304.05278485800784	2.8987766079072936	1.451692935597635
3390.9803791482636	4.240022331757371	2.6935878130776283
161.64570946052334	2.6222255278107456	0.96986574927666
161.3122488017775	3.3663688838586214	1.5476542481703528
606.9734574357813	2.4072529895614285	5.9145663649934495
38.55696796398302	3.038409748426635	3.2741062193076815
672.1482994134127	4.419146944693665	2.134778326227856
-55.74286378786248	2.3174228285507392	0.5687227045107668
666.9155512872992	1.605385378180821	1.213746990909023
242.74083811314324	4.3484349193873495	0.6870764560715935
133.4034465187331	3.1261215736162438	1.175024883711415
1489.7865288855014	1.631579192462091	3.8624567432065318
869.5427493872993	2.471778782932212	2.4714888913491464
3176.5353261523564	4.456098528671228	3.0298435740341363
558.6984004642342	3.5603835359721594	3.5323327508299447
-4.335619566865193	2.9363907181518263	3.127478114007502
1493.2897223288978	3.6304468012981324	2.5130556567809776
950.5296901952851	3.2306062430490132	1.3021511736296387
154.10717958044188	3.5603194641320997	0.7887158868389356
103.9823315922295	2.0989115086989933	2.2866060848793475
17.527403393476675	4.077679670453682	1.2498251862495802
144.14284933178263	2.530040271682054	2.302874163496456
460.45179377358807	4.33550219688875	1.1881461265154734
1130.1695290150942	1.2516845734633721	2.822249412293821
1461.1185902813882	1.8866694304870362	2.4258368670498993
15.935075490584316	3.264917221571026	3.5735165706893106
94.07332483052517	2.605471730728995	2.186358025688597
138.26617501584676	4.997646749309174	1.6658311730866322
54.60390482913454	2.78972503174365	2.953979161001288
539.2568485332083	4.595334818250063	3.2630363447106157
147.8960453999607	2.4820214214236085	4.883782037424856
120.56607704822471	5.00360847111612	3.387084808854563
-4.938579538273082	1.922448564677257	2.2796241017610925
265.1192640367041	3.4817656093820197	2.982849616781679
283.40173482493566	3.9168574794637148	1.920251397393614
1278.126677445569	1.3466192919129858	0.844915661043843
580.6672519299175	1.8932229363782247	1.3193808186613005
856.4965446657504	2.2457887933862333	5.453903864032983
141.2377812885621	3.6892578648009593	1.097552005824518
127.9010445872501	2.245689178431016	3.8598799302854214
683.1762996611862	3.511066892113226	2.2456652297102457
527.077382105898	4.985220607081575	3.3037555060102797
-45.83375383320193	3.4460433362808387	3.9976625673778052
77.12593546309424	6.836930388551247	4.949170082934416
20.978906999639182	2.8599700342029486	2.314953207675617
0.9061830324964899	1.1897649638847172	0.8439736217286817
1027.4423488736438	2.6962066055914455	0.9302281365537347
1645.7182819720226	3.0185210057868845	2.0561154565275253
581.7454591968502	2.458342164030968	0.10894382253989315
196.7859447445934	3.0054596115423076	2.081011312143171
1736.7979059100567	3.678372891280421	0.44292838477145424
320.261881212085	2.7609542338291013	1.4225575250217672
48.45281173049575	2.3872456948964063	3.1003799708379916
-1.2576201453570208	4.264966957723651	3.311683984963941
25.94414911191185	1.5866463392157466	3.8491789010111868
5.790660964214791	3.8964621170756755	2.0270340700316076
37.817349104848965	2.178104505717869	2.9730927822976057
591.3374226944214	3.6506086161688454	2.731457739115859
947.4673583924852	3.530784667162618	0.9444163237782437
154.99766275996794	4.182503978510645	0.0875746521698552
279.0872450555525	1.8228973138091757	0.13735915132920676
1097.04404489677	2.03261999504687	4.063360277105764
1272.6500081578956	4.017494802524659	1.2051656651635134
210.27236517477473	3.140889135766805	2.741267807956234
64.54674938497608	5.245831582224632	6.9793666099694756
1176.9085593025488	4.404332110598	2.22323965666053
366.17570087458483	4.360905979809819	5.609775165131698
-22.274766714997675	2.459643098422305	3.518604321884801
48.52541597880449	2.3498843727505574	2.8299145773160594
280.8838085365774	2.5398079867216845	3.097190667417455
1394.0346943667391	3.7008983921014864	1.1985972825442823
1835.0367127309817	3.942838705594432	2.2455773240532775
327.64872992017683	3.803507668528212	1.475191564384469
916.9901750433884	6.271270548667581	1.0371945064366148
813.704768267854	4.341706926513449	1.090819431054461
252.76023431400637	3.544254833148199	3.606483210802739
233.79515999780577	3.6658533325462512	2.594093641541371
57.82100820974727	4.209889530012069	3.4093261186086075
14.827573349145265	3.2944578910047104	2.1429982235155687
158.12946983813916	3.98075366589247	0.34261669153799434
444.7546352720998	2.9092348143924163	1.8015413913154783
125.47481770820995	3.622605852842015	3.1548477341584
1038.0618150628295	1.871929843212236	3.118203521703005
435.60041296272476	2.0335906597638527	3.905365033515152
1570.6478373196044	2.532774819526993	0.04275746216582124
562.6188111225061	6.1942181977161095	-0.055529994755780694
144.45843448552156	1.9503754051720983	0.7555070711950175
329.9948219320239	3.1184511669026698	2.69355808841678
64.88452797446519	2.0128663704113894	3.8807611417669707
27.15901967282827	4.779739301696468	3.677081319160283
-18.845221145663448	4.41438024370421	1.8475712159372697
103.44923385867159	3.9032883511351164	3.2983802053413114
83.41919681490513	2.8488052855982717	1.313899684637295
319.6710080476679	2.263217902574897	1.005345641621552
247.1870608740242	2.2870719692984784	2.96794550486324
1784.7267197549727	3.2614642729603376	2.0593225413907787
598.7404579074575	1.8768626735600906	3.4014169686283995
1982.849117342908	1.3649953186564714	3.0233551739648576
495.2775437427415	2.3712027569939	3.4165902839769995
321.1532214340377	3.140422699895338	2.675213649055712
45.15354286340715	2.689701536901324	2.4444051295154416
43.52429830360964	3.8729736535267247	3.693185415701205
142.7126848243852	3.208882671622478	5.898837935316806
379.6784465184377	4.7734916281788164	2.1450521328010015
178.05367829470984	2.668270724342625	0.7791351702835644
88.91035049027731	1.2111122794158045	0.5427109740658431
131.11752611293488	4.067560657050568	0.3102316139438185
1113.5654918839573	1.6673564228784155	2.4281998532036573
606.719682543285	2.002670098750617	3.524838619843388
311.6793630984192	6.1568632554658755	1.9111565278408835
921.4723863357232	3.74489845406605	2.715637091317734
220.54732500287122	2.7303318687046216	3.949360640940506
122.14486948038463	2.048041918754877	2.2437419842797066
20.33625107537581	3.340803392539156	1.8421564242338575
9.277193439128858	2.2298012873822133	6.404294564757308
5317.268162951674	0.7441099004535218	1.795602119774857
80.37425744545848	4.590958652122744	1.1915041532518738
44.36298592106199	4.026166002201201	3.196287022153854
650.0184934210455	4.281734290409755	0.6193601091420925
1114.7738961785903	2.438519596962127	1.6080383337080466
477.6948775246002	2.3972213458744362	0.053944222842963394
1211.5128596505363	6.812287051283983	1.0288755729872707
498.5077905440035	3.6274864643637024	1.4739639036052667
-15.841828814534034	4.271447805492735	2.3742674540638404
76.01760501402342	4.3051547602045455	4.253869605872942
45.81377600795161	2.3621117412276806	2.2347421132198417
-49.052282271395725	4.956953593933345	2.1531999193326055
4.718640741783766	3.856078518786048	1.7949474397279497
409.0491808106615	4.474126752305835	1.2783399254303707
120.03107421881573	2.190688206251185	2.9341722055935247
353.32708784800855	3.4819391407085574	3.3278998913733995
1944.864370259952	2.567457337422021	2.2257304608877755
1491.2340705976999	1.3461778988543591	1.4684347578437225
2747.7575714146574	2.3768334090206453	1.9220382648600263
487.8443393871818	3.6115819504465376	1.1083618395647035
135.976390270639	3.1334081066432335	1.6604145336081746
30.46610645337224	2.6770533590424233	0.6622116405157449
576.602458858709	5.241778459701266	3.3048719340151367
21.11144565770935	4.114357589247077	1.5414640485515598
3.8107583397691385	3.8743432720180224	2.1609682301899666
50.81239901572131	1.99051507394464	0.03084839183821625
280.6994759081237	4.779190176179913	4.024205625736958
30.984060818845915	2.325341131416104	2.9276071855341117
157.41747211487137	2.1043848806892966	2.9267135480789497
473.71357676170595	2.950637374114287	1.470869700260463
275.51962820609464	3.1791719626272577	2.4866408097064987
735.1600294233626	4.537076269618455	3.41711662684155
149.0617340572022	3.560054202845017	2.295830342757629
36.68023051122073	2.6611196236985806	2.2162921030122704
185.62842846494388	5.192109662932269	5.400528545536518
630.933270396437	4.118298488021956	6.413581151078963
-37.28815572466554	3.8469557792017532	3.2962131339384455
176.65814179622947	2.7693393509646134	0.08393848198481706
46.65814196295361	2.1540111587854818	2.2649577297517967
255.438864697001	2.620271033174065	4.470950341437422
674.3619694137744	1.2723445699307134	3.342271475061693
958.333297660987	3.6296692209170507	3.595398518554451
881.5476959024184	3.8253281019127847	1.85299982593724
1590.3663980993344	1.543954834119539	1.198991609835974
267.7015976760081	3.891558493591026	1.6207969069048231
65.22462129825628	2.8277043464030545	8.520160102456547
183.41928376923357	4.749761392422823	5.474117020085394
26.731671318405166	4.002408963435563	1.5431441180524164
100.28889700730635	3.390443151595698	6.316166766628373
47.7548578917011	2.1902345846508124	2.288684970348948
265.8226329257151	0.5402737268932533	4.006956090324448
249.1135365831155	3.4575693830056524	4.732549090317836
337.79921491859596	1.5571849069445887	0.836003134591555
3324.0686637374074	3.579691480353201	1.833239313298296
988.0552310266308	4.46053512200049	2.889943087677772
59.580175951879504	4.748575316468616	3.8559628739938585
236.9003374080654	3.087445186232872	1.7439463365535595
82.3818070366058	2.4317752928327754	7.633940557250621
226.86689042613108	2.4883867309565333	3.0939888753913483
234.55241660221805	4.232260923117889	0.6152081750820412
202.2691005450747	0.47519156945152946	1.7933655208086108
424.1179802275483	2.671496298508285	1.363801864229896
129.62281485275136	2.9146671165012745	3.2975898719023506
247.99149601960082	3.994089105818281	1.199202484282486
529.2430728938712	2.0583864536201313	2.569645129147595
654.9612445468978	2.7245977158453165	2.4867561996629894
3049.0598472751003	4.270771640698513	1.6931126110053634
1033.2906677924823	3.259920622082117	3.831929986368492
124.3064246656993	3.8144781365129474	0.9232583341596318
1834.1751118287293	2.0425132877662504	8.023500596842235
215.92449537315758	3.756907734209177	3.2921182427151505
142.86493868719344	2.6043344225446137	3.356630509063881
210.74935801319617	2.9017685048249593	1.796273884202034
-4.307629316540876	4.0354784142618785	0.10633798450293416
1464.631137195389	0.49026229355596634	2.2479129863471323
166.16238937020867	3.850667979750138	1.769210651065835
337.89428434975787	4.3427342772868265	3.964593151341937
2152.162708108243	2.128274309264757	1.9136184934028602
3428.1186027860613	4.822321716379706	0.03020796793294431
1120.1501168900984	3.5642059915251147	1.1159285440256712
214.92441237235465	2.3257029850532427	2.6826949853095656
345.7669304781429	4.332490608969542	2.4588723341743446
182.3796711099886	4.522293700578139	3.54518687720859
-4.745052673243649	2.0950685457106473	3.432411415100456
63.15830988054104	0.5682712860280219	1.9895644319320998
4.8872322395356695	4.398147333353682	1.09880641085954
129.3139673859052	1.9543089804113096	2.183423876922453
1149.7104305252697	1.6319489960814322	1.1063458618067938
1429.9085974266534	2.2107336759955465	0.9914021361121436
1341.4088060043116	2.8407352888569637	1.5515073967161586
998.7327841358575	3.203033098953714	1.0679535591756433
134.3489086972869	3.5385317175355007	0.24141650869310752
218.19457529083695	3.090711615260602	1.5380058118181124
58.88044349287019	2.036550484877973	2.602989809926615
39.76530421842975	3.2738779539447043	3.25431067183329
-22.870096212197286	4.5986935243995335	0.42518649706896994
-58.23124197812002	3.757516112100647	4.264733322031974
-4.667517025572385	2.735868734229404	0.09342368871891875
0.6884557845105699	2.0949022236407013	3.8856766647354504
685.7931864058565	1.7978864386756883	1.0097354463715642
102.30610776148926	2.351824672553493	3.4238326403745085
481.9033401967041	4.190697846825932	2.5241873099245584
0.37389875869018263	3.0059114592252	4.194579093939002
503.5204837273436	2.491787640422347	3.4362834775284057
87.67252626965356	4.767982957279851	3.6599552217689744
76.51462757841824	2.038877499431603	1.15405984945207
178.15150571329696	3.9845324002818074	3.2762422078841698
8.947018412596973	4.940968823238631	6.222093267279953
2379.8059987979855	3.7871661639033287	5.971898444330254
773.8523966251381	4.260004441120409	0.5405827460028307
52.72629893592699	0.9412221759969241	3.1838187341518487
2488.8208849238376	3.2011158259164727	2.29842464415623
154.43214742943502	1.5750587188809315	2.104189413576159
1523.2127225711695	1.8857012744987771	2.5494874726542287
1184.0727297845342	2.980294045192762	1.5882209135932532
1902.558982452991	1.10663489739544	1.1148521826568365
125.90676110168542	4.434198422688761	2.9454959296342684
1212.873873133653	2.733775781270561	1.809617070529569
508.9429272851067	3.9672254127517794	3.2860282851140856
28.27353180073061	3.60854345069473	2.138022836397313
16.0539708550961	4.95620665481927	0.24664898540050884
37.55763669436047	3.834560599264933	0.8877492447881646
1007.2817265425858	3.4940848907852122	1.4694727914822718
118.2479764879135	2.6724612380766986	1.2128451581629232
778.7139652721016	2.0487538476299325	2.034391068218938
224.59559392468316	2.631089232296615	1.7573869453023936
1635.0288435549812	3.4617165297032235	1.4562293100223125
411.1279043428689	1.1488443612365928	1.1879296460192372
212.2176812973945	3.154647032166684	1.696647524646671
53.37863572965474	2.3354152975265863	6.9584649105146
868.9606517052833	3.877826901286939	3.5378976696418283
464.9821277598332	1.7833246639050098	6.334749400639314
-36.64132852601717	1.8447229258805122	0.43590214702321484
83.21883841609869	3.119452636119816	1.9240166962619385
90.57168457112726	0.7286373074506935	0.6584038732725357
157.58647726162297	2.0092705627628846	0.4555005593543117
1327.5868438118548	1.2790143128828353	2.9633110513670595
1762.3619357522543	1.6173198694232693	2.536379708084125
1086.6335474809378	4.0370077311845	3.6879075789382645
508.1518312809862	2.844494727773873	0.2047786100107568
324.62716426488015	2.388802741627213	1.387065350502819
156.71232737288398	1.4344118816976086	6.8102591882410835
176.0993506723254	2.752583607459998	4.806525188726682
138.22586674634388	2.24011751022675	2.141257040258155
94.91532208140914	0.7427917419983969	5.941888640304491
37.702892925882814	3.006907753622262	1.2605220086242426
1.2207337051292475	2.430017520396237	1.3934477853973826
108.17770143139863	3.062912872145818	1.0937733778311147
603.482261005465	2.117489834012809	0.7992504184972475
1050.1661252713454	2.0026891114877197	1.9060351223081982
615.473401211819	2.809263453071969	5.190828586583072
112.8134527530563	3.627946305534504	1.1132945313607872
120.98953993182417	2.9369660196954994	4.251622034010668
26.385431960260455	2.039043711620778	2.6594868416677375
1216.295248197737	2.3930243946522567	3.795903048698644
-4.159949979707898	4.87232717222245	6.439483756600267
-1.901515832603458	4.864035010891656	3.2447241368391335
37.09332190628642	1.8644740093447663	1.903781127395882
699.2268461511978	0.5013295644817424	2.7413241982850893
245.41954658603836	3.9848934454507012	2.682559115469368
818.4046037798689	2.1271505786973695	2.4397848474122084
878.0429823102611	1.9914107302141837	1.3945539164301277
575.0338511693728	2.0979407141302966	0.6351120290027451
632.4185090603311	1.9529965260787834	4.229259100784818
301.0858995407382	3.0486279318797056	2.678321225189581
240.2762413302425	4.428412626455417	4.776221807619377
535.5305180072912	3.4011381829333875	3.2550227030985788
-3.0112984571246706	2.255303534865095	3.0801146666840884
367.59329168135196	0.4708041427202097	1.9613207107490673
27.503949260621578	2.674792076170338	2.023093397346314
283.1632649967298	3.031230836936889	3.1553164763175596
146.92656820161702	1.8465213555197832	3.336797247086458
164.70303877856676	3.299291885236952	2.410769833708139
578.8711278538325	2.2445172829584696	2.458405195562187
898.9671036347404	5.51306596028445	-0.011671341339092105
96.04857057789184	2.6165461016556746	1.0710284454222636
973.7945737466762	3.8988154356865534	1.8763407301191093
30.33743324993085	2.402334637289541	2.5001227693758046
30.957001027121603	2.5605385631584987	1.0265213595242997
-44.30405209550222	3.0562699538545077	6.420010606797691
0.13791878534622576	4.0282010348259	6.2485905910766775
80.8290303876178	2.668841046473747	2.2683830527354614
136.47901906340152	1.8271268361791897	1.0457257129076267
602.8665097858868	3.950120219618815	2.966245386455054
1170.7835724104345	3.997403534563495	2.012471675960345
2095.3597224040655	4.0926400088652075	2.349866434873738
1068.1817718292718	4.256409380461691	2.954332713615802
391.84480883642055	0.8736848012117838	0.8827519907543299
141.64621546308388	3.09465882478958	2.656505089908254
314.8741674015166	3.4159329786975663	4.686549462688761
954.1392577635402	3.4807997676759292	3.4564624814924145
579.6619094665746	3.192239725871313	2.0985150003792366
14.388567048174021	2.3461077050360113	1.8227737894006717
66.88511225763727	1.6563313224057628	0.10957016348334044
1097.1608137336402	2.2419677013386674	1.3732998054699572
699.7758503904492	3.338234212608514	3.3504927855907622
1229.2607720426076	3.2319625716009663	3.4276205349293365
2658.833485861404	1.9146577941342022	2.5149185612313754
740.5685329853543	2.0560253796384265	3.303060568408635
318.1248748567557	3.3922292650691364	1.5404297734310615
313.0181889350132	3.984096311078193	4.555823001130321
96.75935859900542	1.6840772584456145	2.354156385614285
118.12234463868401	3.013086671575035	3.628386298368151
323.88285122149546	3.1675707106672277	2.1102495045428475
496.9181219512931	1.5053932755665553	1.8773016252993564
-21.857262420353692	2.275763806202149	2.1945635672132555
0.9231048699263363	3.2504233187609755	4.1461859353351596
245.6733820160357	3.695719260929906	4.976002776121328
117.2372665604616	4.39012959138136	2.5227825501457315
1063.5648506739287	3.791626488088688	2.427206922978235
301.59728693100845	4.455507768275699	0.22109916789854617
2235.8374805789554	3.8097543647616368	0.8008410717108888
147.10470430352117	2.921829675573069	1.8517101332714172
418.5871865716484	4.374395530110055	2.2035639360712986
-2.5845243174052235	2.393281827301562	3.3792317548285773
512.3202536336136	1.4227295575360603	3.1335495340894686
57.87429302123833	2.4828150800972675	6.462164707992838
65.18679122046619	2.895822306717828	0.8904095553729435
265.8291502283046	3.234140328676749	4.105689372448385
122.72341631708626	3.941017732012099	2.9823704887351603
1604.5686075837482	1.4017033571080248	3.923686263725515
334.51279671552527	1.5780916356099126	0.4441912704731409
332.434870629878	5.952184872619953	1.9232787490650083
648.7769029648246	2.696085477746827	1.0831329072467726
190.48541417401245	3.7068927474984488	3.022131768819616
-59.23063238259606	2.6747636518859297	2.011204192813846
32.33072217567084	3.249622577109395	1.1820501421905731
-43.21698212168211	4.133209939236148	0.8916547602606407
16.038003271865232	3.8778416905596043	2.5614213043612724
831.9500349857357	1.757582650589003	1.4474129499106367
216.0368950816708	3.35514375577143	1.9692576604483536
157.60963569860218	1.2363274135523101	1.1444174004790608
141.26842385581065	4.390904536076612	2.3481012709043334
1145.1533764910464	1.926810430105164	0.1746617751097259
477.55141682255356	3.2271160139621275	5.35720250770193
191.4821560633751	4.118959355150094	3.5148330083561965
150.57893838474706	4.1155698567021055	2.534925860107907
509.3330260329735	2.5628714146828018	8.0720791769058
593.634462327548	2.135381218355037	3.6328300660355315
16.162027244622493	2.174664947577608	2.14403732545821
91.89432561294535	5.437527508694139	5.820646279900763
77.28446934690075	2.6690233500733687	2.066735699799894
14.469110724208171	1.4336224902587067	1.4020331516469238
671.7028685486067	1.8201368199615244	1.313959672895514
1676.4362120998037	2.8285423695650462	0.8288904570769194
1154.4703087786772	1.9432960952248535	2.2218193774269555
396.0861426743912	1.7600976155545724	0.09525162610548105
56.28949433315037	1.1010801208054255	1.8484171227253168
350.1029205760351	2.778729133713483	3.3152330009171536
62.51148184159888	3.6816585699969404	3.2796642954419344
526.6651980227102	2.2059529818357335	3.3755643624555494
32.41916258565638	3.4641625101802767	0.6533242663304613
-3.1876227369916936	3.5971617946273393	2.994303732127957
114.03601237973433	4.310718394708296	0.8856193897361195
0.9892958534700059	2.7953755043149995	3.2988648724445513
54.17287569487525	3.5568889872486125	3.321632904758671
328.8027124133877	3.3285774377141184	-0.03657233529262493
1365.6878216017485	1.9611841332397415	2.841026709009463
844.4430728315798	2.0853672339191065	4.006610219012446
489.14675466013426	3.8773642938436472	1.8116157054857829
131.1319395765204	2.1907026080135017	2.9381099946785665
1644.3632684718668	1.6719269069169473	2.2804980104645622
966.7131778782652	3.224160235833995	2.8386818075883786
-5.0053852897484745	2.727293191207218	1.8896559068844365
92.54371600800542	0.6993907417604733	0.6346298663836764
40.06802812429088	2.6718568424023696	2.011178228039921
54.45579988412323	2.1798035864078735	3.1600391456365626
375.64314788854153	3.1846202300435373	2.939389413578995
152.67927130985805	3.5415243030679133	3.797605358576221
