Flow 	 Preci 	 Evatr
816.0	2.03	0.97
2394.0	5.09	3.75
3144.0	7.49	6.64
2366.0	4.49	4.02
1499.0	6.44	1.67
357.0	2.67	4.25
71.0	1.67	1.01
59.0	2.25	4.11
-35.0	7.25	16.67
98.0	4.48	3.46
331.0	4.8	2.26
1757.0	6.47	6.19
1884.0	4.64	5.52
2558.0	5.2	4.64
3177.0	7.66	6.85
1981.0	4.48	3.45
1079.0	6.02	7.84
221.0	2.04	4.78
1006.0	9.82	13.04
424.0	2.12	1.01
25.0	0.55	1.64
76.0	2.93	0.78
53.0	1.35	3.3
339.0	2.67	2.9
1039.0	4.61	3.84
2497.0	5.37	3.34
386.0	1.39	1.3
87.0	0.46	0.2
248.0	4.79	2.68
-4.0	2.23	2.08
103.0	4.68	3.34
566.0	6.39	5.56
101.0	0.33	0.32
31.0	2.85	2.04
2565.0	9.97	3.82
742.0	1.39	0.7
340.0	1.32	0.54
453.0	1.87	0.03
1120.0	2.98	0.0
134.0	1.1	0.18
149.0	2.73	5.76
-52.0	0.84	2.77
24.0	4.2	2.48
709.0	6.99	13.27
-21.0	0.53	0.62
-38.0	2.0	2.34
63.0	3.26	2.47
610.0	4.1	4.52
1919.0	5.88	11.23
1908.0	4.23	4.98
2274.0	4.54	4.01
1776.0	5.46	7.38
305.0	3.08	1.51
103.0	2.48	1.48
31.0	2.58	6.79
-35.0	2.71	4.48
194.0	5.83	6.68
-6.0	2.65	2.2
79.0	2.48	4.12
241.0	3.86	3.45
784.0	3.35	2.03
607.0	2.24	2.5
259.0	2.09	2.48
400.0	3.48	2.02
229.0	4.97	1.67
48.0	2.43	9.58
11.0	3.23	3.47
-3.0	4.12	1.8
85.0	4.79	1.8
172.0	4.14	1.9
558.0	3.85	2.71
148.0	0.76	1.18
340.0	1.7	0.67
2218.0	5.91	0.59
3239.0	7.06	6.39
1743.0	5.61	7.17
1457.0	4.42	1.39
723.0	6.62	0.47
981.0	7.3	0.0
1151.0	6.3	0.56
239.0	3.96	0.0
904.0	4.91	0.04
622.0	3.09	0.1
1247.0	3.12	0.0
1310.0	3.93	0.0
2029.0	4.32	0.1
1079.0	4.17	0.0
1409.0	4.42	1.1
1565.0	6.95	4.06
195.0	1.14	0.0
57.0	3.67	10.38
163.0	4.67	6.64
-53.0	0.46	0.1
501.0	8.16	2.26
140.0	2.08	1.48
613.0	3.78	0.44
2084.0	5.15	0.0
347.0	1.31	0.0
1728.0	5.94	0.0
529.0	2.63	0.66
219.0	2.72	2.06
62.0	2.03	3.02
59.0	5.35	1.0
25.0	3.13	0.32
146.0	4.96	1.84
18.0	1.93	0.12
36.0	0.98	0.12
123.0	2.73	0.0
1174.0	4.84	3.84
575.0	2.45	3.34
978.0	3.77	1.3
497.0	2.4	0.2
148.0	3.23	2.68
325.0	4.67	2.08
198.0	3.98	3.34
119.0	4.19	5.56
72.0	2.35	0.32
136.0	4.54	2.04
747.0	5.08	3.82
724.0	2.84	0.7
1868.0	5.13	2.03
792.0	2.66	2.5
3718.0	7.57	2.48
2403.0	4.99	2.02
321.0	4.32	1.67
20.0	1.65	9.58
0.0	3.22	3.47
-16.0	2.2	1.8
5.0	2.68	1.8
28.0	3.27	1.9
136.0	3.6	2.71
398.0	3.69	1.18
784.0	3.99	3.18
1213.0	3.31	2.54
2704.0	6.9	1.85
508.0	2.57	5.49
115.0	2.22	4.92
55.0	2.7	9.64
201.0	5.66	2.25
136.0	3.91	2.13
-19.0	1.49	2.75
190.0	3.65	3.42
83.0	2.38	6.25
58.0	2.38	3.41
843.0	4.25	0.0
1406.0	3.82	0.1
1187.0	3.13	0.0
102.0	1.18	1.1
156.0	3.66	4.06
1935.0	11.0	0.0
496.0	3.97	10.38
153.0	3.23	6.64
13.0	1.73	0.1
1178.0	8.27	2.26
1295.0	4.77	1.48
700.0	1.84	0.44
1682.0	3.83	4.52
1341.0	2.33	1.92
1300.0	4.1	3.0
864.0	3.63	2.75
837.0	5.03	0.0
230.0	1.89	2.29
164.0	3.5	3.27
402.0	5.28	6.28
4153.0	13.24	2.16
819.0	2.91	0.0
597.0	3.32	2.2
1331.0	3.82	1.15
1151.0	3.56	0.0
1533.0	2.89	0.0
1089.0	1.92	0.0
1712.0	5.65	0.66
376.0	1.38	2.06
371.0	3.63	3.02
273.0	4.26	1.0
-47.0	1.31	0.32
37.0	3.77	1.84
47.0	2.67	0.12
285.0	3.66	0.12
312.0	2.66	0.0
3006.0	7.91	0.85
3393.0	5.13	2.41
4393.0	8.37	3.59
959.0	3.74	3.89
373.0	3.95	2.79
114.0	2.36	2.61
28.0	2.83	3.24
31.0	3.07	3.34
80.0	3.82	6.91
37.0	2.99	1.36
57.0	2.19	3.3
278.0	4.75	2.96
1598.0	5.51	2.32
480.0	1.9	1.46
919.0	3.0	5.51
859.0	4.87	1.09
214.0	1.22	3.78
110.0	3.28	6.78
34.0	3.28	3.29
201.0	3.48	2.15
5421.0	17.8	3.25
607.0	2.67	1.2
296.0	1.59	4.23
419.0	1.74	5.7
1127.0	2.48	4.52
1579.0	2.56	1.92
941.0	3.2	3.0
1372.0	5.66	2.75
441.0	3.18	0.0
281.0	3.82	2.29
630.0	5.34	3.27
455.0	4.78	6.28
279.0	4.42	2.16
-9.0	0.08	0.0
91.0	2.03	2.2
148.0	1.85	1.15
160.0	1.98	1.22
473.0	2.91	1.87
1986.0	6.28	5.78
799.0	2.6	1.16
121.0	3.12	0.44
332.0	4.59	5.83
326.0	6.46	7.89
247.0	2.71	2.03
82.0	2.33	1.41
-7.0	1.41	1.24
4.0	0.49	0.91
74.0	1.92	2.04
568.0	4.29	4.83
210.0	1.02	1.21
333.0	3.01	4.24
159.0	1.57	0.54
-11.0	2.02	1.41
-66.0	2.32	2.29
-3.0	2.87	3.67
56.0	5.18	5.84
99.0	3.95	1.81
1814.0	7.96	7.58
1026.0	3.38	3.43
1965.0	3.32	4.07
658.0	2.13	1.8
2131.0	4.77	4.29
2953.0	6.71	5.17
2923.0	6.29	4.54
1617.0	5.47	1.65
973.0	3.15	1.94
882.0	6.48	4.9
823.0	4.28	9.7
646.0	5.77	3.48
189.0	2.87	2.97
268.0	2.18	1.49
1092.0	4.12	2.84
240.0	1.2	0.92
961.0	1.99	2.76
403.0	1.54	2.28
479.0	2.32	0.91
289.0	3.48	3.1
67.0	3.65	4.35
179.0	4.68	3.81
995.0	8.72	9.88
535.0	3.95	4.43
183.0	1.76	1.42
585.0	3.25	3.14
707.0	2.11	1.85
857.0	2.87	2.31
636.0	1.91	0.25
1463.0	4.34	0.39
589.0	0.74	0.34
135.0	3.52	2.75
141.0	2.66	2.8
36.0	2.44	5.54
17.0	2.15	2.14
-56.0	0.76	1.24
37.0	2.77	3.87
132.0	4.39	6.73
688.0	4.98	7.14
368.0	2.67	3.18
343.0	1.84	2.54
103.0	0.84	1.85
324.0	3.79	5.49
131.0	2.87	4.92
1259.0	7.2	9.64
516.0	4.37	2.25
16.0	2.83	2.13
294.0	5.5	2.75
179.0	3.68	3.42
2360.0	7.53	6.25
630.0	3.42	3.41
1082.0	2.13	2.44
586.0	2.11	1.49
1023.0	3.41	3.04
1060.0	3.54	2.75
137.0	2.7	1.91
47.0	4.28	4.85
-25.0	2.56	3.7
-46.0	1.47	1.33
-44.0	0.92	1.57
86.0	4.55	5.68
1.0	0.58	0.53
186.0	3.98	3.06
101.0	1.52	0.85
221.0	3.26	2.41
887.0	4.81	3.59
1114.0	5.82	3.89
223.0	2.92	2.79
81.0	3.73	2.61
174.0	3.17	3.24
252.0	6.6	3.34
1930.0	8.02	6.91
66.0	0.85	1.36
230.0	3.31	3.3
990.0	4.12	2.96
736.0	3.21	2.32
298.0	1.54	1.46
2357.0	6.3	5.51
542.0	1.98	1.09
197.0	3.93	3.78
638.0	6.29	6.78
30.0	1.94	3.29
26.0	3.43	2.15
117.0	3.64	3.25
17.0	2.18	1.2
1787.0	8.49	4.23
2768.0	8.13	5.7
1546.0	2.99	3.82
2200.0	2.79	2.68
835.0	2.71	3.1
185.0	1.06	1.63
1060.0	7.08	5.78
130.0	2.46	3.04
40.0	4.07	2.07
30.0	3.2	6.62
174.0	4.75	6.05
78.0	2.49	0.88
18.0	1.05	0.78
107.0	2.77	1.43
110.0	0.78	1.15
237.0	1.72	2.05
621.0	5.37	2.81
404.0	2.9	3.2
342.0	4.37	3.08
-19.0	2.81	3.72
-8.0	3.43	1.78
-15.0	4.08	5.14
107.0	6.02	3.85
41.0	2.55	1.99
195.0	4.27	3.14
245.0	2.54	1.4
155.0	1.58	2.04
275.0	1.94	1.97
913.0	3.34	4.2
125.0	2.73	1.48
348.0	3.58	4.17
25.0	2.08	2.56
50.0	3.87	5.27
141.0	5.71	2.71
465.0	7.51	6.47
57.0	2.8	2.5
1.0	0.43	0.59
250.0	3.43	3.0
854.0	4.0	2.65
980.0	3.82	3.54
494.0	2.22	1.57
614.0	3.75	3.31
995.0	4.65	3.34
1348.0	7.62	8.36
1262.0	4.77	3.41
268.0	2.33	2.24
12.0	2.49	3.45
5.0	2.69	0.79
86.0	2.77	3.15
1000.0	4.75	5.24
283.5645259608775	2.959488975526606	2.4769066840370657
2721.865057303191	4.489574014104212	3.091998490913574
2104.9037539612364	1.0986752601138217	1.0870160736106884
139.7838523475165	3.5259967316508387	3.125166196889133
121.52553169950359	3.6941261386923636	3.5229676512728445
183.94216813022885	3.291480210645168	6.0884039207486875
258.0455182567706	2.6649048839419858	5.243070403895791
186.20129325064678	1.662350185212424	2.2685723818253174
35.896654309221304	2.9125454328490963	0.8280034261599565
57.50477583038796	1.2372199930266166	3.0772661089776827
259.44943492715333	3.269378142395757	2.9720471453657535
128.66021358080127	4.618737862931588	2.3368018787602085
1274.6638556368969	2.402926275973675	1.7362820308176428
1098.8787891039526	3.628135505745022	4.121366344392881
106.52694850573744	3.6278278345850845	4.046880107393728
267.56605831118804	2.539431795803423	2.875583778771378
316.73617687051865	3.7180225342744544	3.257453092055279
29.359477998107767	4.5907215635914795	3.6272858305282267
140.74289745380173	2.988117400607043	2.119078220345613
-22.74219383868163	1.9715046112180903	1.743965292351664
78.3810170769	4.560816097598702	1.3475185072872191
43.38528926735627	4.332683923935265	0.9205776870042882
241.64607678447936	2.5292101924409756	3.3411333826885232
1496.7888189719224	3.815397551936697	0.30992418049846515
584.6896040930073	3.002197858374017	1.8969016033883082
2749.6333160110676	4.275295279010778	2.4318911027361803
1611.206683099135	1.0456063337076398	4.194971582898195
394.49442337091347	3.5377176607986858	3.834821384247644
116.55903900563162	2.014899063242779	2.2161585209723125
24.7069019996017	5.906057025399449	4.873817865004889
141.6011213830808	4.814381614326664	6.0807402212151915
61.61824729933049	3.8511827934410747	0.29888375979582904
109.186068832277	2.7454570887999585	1.248766963310148
58.31242031288503	4.707860101419482	2.286434222299271
756.9488847132577	3.4199700732376312	1.112813526910126
59.1324115176946	2.892539739047801	0.23304629533886412
1250.8286073064442	3.749348997765377	0.06835518799213128
1882.1593284662529	2.0224112980264692	3.788313729249275
749.6847114416053	1.0405148159955402	0.4480939258839121
134.62068719539394	2.670370553274029	2.7214768488798
111.24544145996063	4.233806237178283	6.266295864081859
35.85611561232851	5.489702972074562	3.4554768925157733
135.18800693662376	2.556504299250738	3.238335369554324
247.70920302621383	2.860914542386605	1.8123606434825137
642.6244411953373	4.069591718788336	2.6967583867082427
2115.495615845622	3.345588835954164	2.2933885374083323
126.89294579948788	1.7248891257457148	3.3434168516509875
152.8146974963776	4.551748869611431	2.0538014644164067
308.72515051161946	1.7179034058540428	3.4215024544226704
531.3748322116638	4.186629683813748	3.5432498869137348
1569.9199852817442	1.4204379507682419	2.5881434850786404
1521.7448751781876	2.27330645883362	3.719607925570398
88.30809186284361	2.121223974042761	2.8073463417870355
90.16714886788802	3.3662901708711748	2.839555943015093
228.4900978088588	4.296550739608126	2.8327781566761523
-10.804334535670993	4.0309427524038455	1.783119415404053
-21.114807035348285	2.832908589802728	1.2446217024028186
1275.6773784570662	4.559323254901894	3.7180148094799885
261.7299636767799	2.008797355385675	0.8154343716179746
318.6026437282037	3.65842893660285	0.9370833163837455
339.957606710814	1.5521674297664811	3.4421857928109763
1112.2949398329642	4.335045206801638	1.3734133501164105
250.368399772033	4.466916179136175	1.1267551723603726
925.119431452209	4.522056560096461	3.8042204980713965
1018.489780876148	2.064865696991948	6.739798900209001
332.52836250821366	5.550769203277937	3.3484967937554257
124.79559310019141	2.170303767119978	6.507421829104276
93.78723083120326	1.142556989908846	1.9970226589517424
-13.084005951981446	2.6701638087569153	-0.046923882285711156
602.7818263537001	3.6580613144126404	2.5378868572674915
1745.7721325999303	3.389147650010972	2.956396114038585
1413.7467245348284	2.765714749674535	2.361621796316154
2005.2419032814948	2.735599970254353	1.9503920418692908
2271.5237236275575	6.207961976585761	2.5773114078616413
808.0929776914571	1.007434151671083	4.615612706110798
230.58237012768944	2.285458422705845	2.695344060684273
3.3365554535861475	2.0550504776979666	2.730805605369476
-2.9904595631916004	3.962068658092222	3.8839068707362356
444.88778748346357	5.663871254298668	6.602816043799449
5116.281826005767	5.330225580517314	3.5952921058349565
111.47764813816298	4.152957438592519	2.2573178423187183
71.55459928342425	1.480731477892377	3.887918367696541
135.06831869358345	2.683096505883436	2.996555660669459
783.3951372916299	3.0651802060617994	2.298006704476395
713.7668210909799	1.5003901354249676	3.19437145474784
375.9140942999073	4.0107751533970175	3.295576610211105
897.1856180114095	2.2355327000155745	1.1094882367853642
129.07704934736356	4.344486838957458	2.6873107146270034
-4.925264840611138	2.4686250852353107	7.939562934907786
176.67963332695172	4.331455995148098	3.442551353541708
60.77158025328826	4.142543552596577	2.1120672602998556
-39.14647913728136	0.625405659105884	3.413489309164377
857.6337435347348	2.8916455219102173	1.3197440943352516
2553.210554796621	4.333848606546208	2.2525365746630475
1121.3948621027557	4.051404817495668	1.5586387528645609
1599.1166170334302	2.0535787036772395	2.3014557682623917
232.46177042742335	2.766217102497761	2.4803810222547
952.4532416490283	6.376946012088163	1.4607756954033115
202.4657974525599	4.6259610008966465	1.127317996923848
382.29010426662023	2.7662384307342167	3.795209435701763
72.03642900000872	1.5595426392232572	8.580335057462305
29.26838173361393	5.887986940052357	2.2578139324414
-48.76019611410069	2.237799806536561	1.8576184679326875
22.0324560022802	3.9436199075123284	1.9302711522444351
-2.6153762814761925	2.8257343710193323	1.1952371663200179
2375.1160734307964	1.5856974315511703	1.2595020863689095
1151.3713822472703	3.3350336595088645	3.839702390807831
605.3859527381655	2.0528485251923634	3.976052043508879
872.7795477505492	1.8955957800085468	1.4467620614943677
1067.1588918912846	4.1544988520359185	3.8175528503907885
430.0541827656838	2.5995023620433884	2.0032907206439483
224.7304160564719	4.784060433131873	3.6512609963170966
315.3018521957294	4.3174890763928415	3.041009278190944
198.8982271833625	3.9859828033064826	1.9726492952993637
74.68467952801137	3.3236472052823043	6.31910902974289
-42.15679452496231	5.114790784198778	3.668698466676076
170.0671915890201	2.656209801429416	1.0251997063882774
71.93918447321778	3.1375095418562764	1.6648064717616715
716.0672916166993	3.569884168174017	0.5519226919267365
364.45719374733784	5.1189102269027025	1.8870128831928468
606.4981519280514	4.633802465411054	1.004206762247734
369.7980283634421	5.841261761312342	3.5997705481276068
1323.4619983632826	1.0418524716732176	2.7748186823125653
220.67741613067142	2.9123449935245276	3.030328976665938
2.705074116470361	2.451153085102899	2.243293932688739
175.53029665349231	3.438235432828202	3.3433235771224243
-50.772298193745236	2.214499817326756	2.098880776945456
81.47756498210313	4.83415037798155	5.288402517571745
-2.5410122207924366	1.3721501088527686	2.2534674859282364
1.049179374744526	1.378415088318091	3.7924905358384486
682.9493337599034	2.415985305401293	0.6497648092341097
1891.5130979053533	3.371761900498435	2.9278610226545636
24.252962821302763	2.65203488724727	3.2608414668907866
3165.4071085642468	1.876495035216775	5.639064703003149
1768.7830876289868	5.388071364270712	5.279157504933391
217.82676872555072	3.0502029746159716	1.5458093618872735
112.84947671040948	1.5910055985262501	2.57672408065289
174.95286572648658	2.5982923016554915	3.3710665495634258
577.0835047113267	2.4822854009310413	5.075826210366832
79.13706981426363	5.382757484499157	1.7956167833194847
32.404393023382816	2.551688719482063	2.424739869722095
1200.7493153584212	2.575639864809104	3.1378437489163162
702.6751420928053	3.266489973295431	2.9477822780703615
736.0042870026143	3.1030311820122347	2.3033628388823257
2227.0180696606612	4.451980745381873	2.0408095467390868
849.311828222993	3.5142248115690795	2.610316361191414
560.0876661567933	3.8308174177209953	1.4192562337354042
355.51825865354317	5.304440323201783	1.7481484724220397
71.17358018609679	3.6874630659413152	4.4198272753760115
1052.0579596418945	3.3514406235889296	1.271295548295155
-9.144440444046582	4.558625833197957	5.662870933177751
93.7906900628563	0.5260304215459303	1.822372746708908
151.68287791983812	4.491662823596232	2.2705644341097475
0.9482506891528443	1.1868750413501856	1.7083435710440873
30.022983326948083	3.0052260465150873	0.7906284918855027
599.0346780297875	4.4992246651781755	2.954375915959237
473.636605918266	2.5335442308718634	1.8887845305972193
909.3237315106296	7.008309340823271	0.6265838441006244
555.5488909754972	3.616377428297609	3.3118250424552405
338.64905260913207	1.6482810328759456	4.217750659004351
110.7488079953693	2.3236835127086546	4.694316414650942
213.8922560376566	3.202901297599053	2.5758076736979856
261.772811186802	3.6394607781713013	0.6978189942399592
81.10281801836845	5.737369276890375	2.2975167101159335
168.48308247343127	4.518198543823264	1.3369615885552428
135.0208621878179	2.4673769379412938	2.999831938424293
2418.875371078124	2.089922275811913	0.6450254213501951
971.829833975607	4.070951990345148	2.4190074351203776
2364.325718924805	1.8867147613539572	2.5325372658703196
1042.938371856309	5.1120406209857405	0.013487421551450956
1413.339468113927	2.5086991403324768	3.9588346904844887
327.2740877499572	2.244050454703622	1.4207583883370916
111.18905564613472	2.452146315189362	2.5699368219917305
-0.643240471892944	3.431794762346914	5.35366204661392
587.0372419592808	3.0970337810175437	6.3158615598515135
33.1704841430181	0.5279710954004274	0.6691754891120907
51.44076423201126	1.9985863620778026	1.9851986426216734
83.60129532977226	4.648674732317816	1.6693160713298365
1541.574905224723	4.427982875702145	1.3698265733385877
540.9289750899309	4.822616855626751	1.1954968760168518
279.76132950422885	2.627014273912873	2.4664375008942914
72.99055944893317	5.131077578691306	3.7855804569254454
547.4687197605951	1.2380789390288263	4.337685836708497
278.6685387593129	1.6522535516954968	2.0175435701384896
19.33910054073515	3.195075600068178	2.86647432107964
54.083628358841864	4.627659759065258	3.6753596016812007
100.07074655149988	5.573357021565167	2.146198759048659
121.20292597772212	5.771470078289801	1.8001805683129974
172.99266980636662	2.67607135421746	1.301759497743721
125.6500968447832	3.9223580940764893	0.6907169077912354
246.76589209697593	2.949245964053098	1.1376577123341276
833.9866494305444	1.3990123902896756	0.2560275269530026
616.336286488743	3.63921060096753	2.517129835300769
391.0078845310803	3.643135962322448	5.501125014616735
548.9160193042783	1.1123449756754675	3.2796290978551377
195.82134167326404	3.1514765117916084	2.1974401170343856
238.49975523600006	2.0360242677096902	2.8991942265145965
28.021658293377218	2.5486881423815055	2.199401180868589
97.51441376938645	2.688460162358098	2.1521655205107497
10.80834163280513	4.82603445659909	3.3482111257306317
82.66289201892366	2.9271306559060952	2.017517507765297
0.6932900402133018	1.027195978374346	3.2213615476045936
245.441463891698	2.842931382254568	1.171125584623516
122.42218664247085	1.4559604271827997	0.8568693205457828
256.26768629573996	1.7710433627090478	3.242768159863487
1038.0862923378447	3.2143278943824085	2.1927563399197116
538.343975103684	4.391265166291185	1.0828247790568133
1017.2073308560832	5.029527173098618	2.6895636129023246
109.46476408740426	2.5657580429552382	7.061819261843438
26.385087711475474	5.3941983042129	3.4201704327602926
236.88878271075214	2.234362805438047	6.304818283074873
824.3189157952822	3.1968804870997047	1.773867466747481
74.35995246853979	2.027228980688671	2.1456816055911814
597.941171742333	3.256705312425256	3.495854218996982
206.5229055580062	3.8172308017498704	2.88865948638063
719.8144836402668	3.9702343539187233	3.9096645220664903
289.40035220394736	1.8287526504571205	0.9648647025315253
3046.6694071031757	6.760347267879963	5.5141566834524465
511.4579679711687	0.8729251545768969	2.2197008472880917
336.28456351241647	4.430935981153174	4.430623303953007
53.15830776765923	1.4484400833554474	1.9609549877795096
135.01873570169226	2.3014863449049967	2.272023390031269
-11.233887084119964	3.1308846146612095	2.117374332108096
363.4119276136355	1.9924615991816816	1.568590321365463
8.065120378281625	3.7207877471589876	1.972744401949028
0.22568863280128684	3.706402652439731	2.2883330623597566
699.5238871707227	1.552819242921518	1.1789583596997346
2337.8083253314926	1.5233348172042684	2.040171546893092
138.44111505742092	3.4720631339153254	3.524228011646108
2038.376529111561	4.612779951731221	5.658955515531197
165.17838597426112	3.6612944795991	1.0919402695517142
862.5050655795715	5.102016841141939	3.555603603184468
50.77435419896825	3.756492082569825	2.5870627875260612
319.43225138276637	4.026377234492541	3.32456139380101
405.3154821880075	2.7159911021258676	5.640957231693366
-5.550510609186954	1.4899408173999753	1.569486333462073
83.25760010958274	1.9007976892805645	3.231552663557389
281.7918801288864	1.2725475175606862	3.989012331310945
307.8054760518726	2.7107375497875674	0.2877393072641118
2079.130585809201	4.359704699505024	0.8101480564204389
359.25048564447695	3.4820403990406943	0.06815995513838068
428.39096434901967	2.0157435750195103	-0.05965727674844093
523.1715850124564	2.5029284877055074	0.8552123912930019
286.7424078428223	4.914857860820121	1.5578032708885168
-6.138856603131856	3.756951782494703	3.5961876654723546
60.07464956875454	2.922108826353705	3.3972939455591185
438.4812788244082	2.826237003775117	6.334793938029479
-32.47141566851371	2.3295364809178065	3.5095693652855124
17.205780155309487	3.6210259340230424	2.2852537722837627
1.1044489955217636	3.1060917611352097	4.004919377754728
217.68400937167	4.108052216713892	3.240393705713928
1812.3298155752595	4.986402767585468	0.8077834558455769
428.64454407316487	2.33270992745261	1.778346892642497
1296.460177340744	4.151211720413014	2.024935543885037
755.9617468696483	2.491909307905878	1.0937672552906001
1223.6245111821236	3.2874770505794464	1.8320534530516244
-0.05955992089559414	2.1889931931777666	3.0707859735208545
48.58232156007384	3.9799612891845784	3.33185609541947
135.3519874074091	4.151988205799145	1.5648863250799971
-53.59053307748594	6.083806901897762	1.5131506362831517
786.9333607489916	2.7669909842559943	1.906607963278686
80.70982482170884	0.9577010594238413	1.5059491195987635
253.7717835906996	1.8162292648251417	1.1890223856410012
170.1064807037484	2.5619781778874304	0.05593550764187774
651.0365256459185	2.827982013892345	3.1596748729583104
1155.6472849933643	1.4720521449419224	5.605852444263593
958.9029768201791	1.2483113597544755	1.1040044607645592
351.2203295537888	3.694350866962033	2.8183247056150815
679.2054420043027	1.358631746748379	2.094610960593888
538.8514362804873	3.1737799756993543	5.05427887579699
17.304076281181572	2.2173533387341937	2.126162548101479
5321.871836487901	3.895466968012865	1.9188008980535565
31.135949309921177	1.6091928002313878	3.4363042439859335
662.223966705181	3.310297193834634	2.313187237989885
128.76680630092463	1.831289744161738	2.885337983861954
330.94709531267415	2.576273556061699	3.897294485329244
336.49314679116947	2.8044551053551716	2.110049578527752
2815.7462980908504	6.515538705349983	2.7302142209374365
113.72173102417483	1.7785309727354432	3.1799749568379085
219.94537732963687	4.983346910532508	4.697332268144139
89.04345792086622	2.332416997105107	2.8649662585186344
17.17232874238762	4.19536791195095	1.1948983409862093
895.0627230105018	2.7722896704709132	1.663148135629226
3788.4437718731892	1.4607154829299482	0.910345384720406
857.0517945391013	1.8106639191023282	2.4061069917815727
604.103588765338	2.2086072521368805	4.0408732303837676
952.7436507418854	3.8597817622636525	0.46811171598358897
56.16631488957956	4.421839669469726	2.5237554572291376
48.19033310162068	1.3900227295479735	0.11809765968812043
1414.1490260585174	4.091822843940276	2.4859411792232207
103.53388930954684	2.416903035855971	3.234826975666205
219.85677055044306	3.0885849645637125	1.6546051071306924
-43.22992656756535	1.6312967927510573	2.054884480515088
271.78596377022274	3.962709924042346	3.5880024187255435
58.70611538746037	3.1676797812649444	2.67759976224953
70.73708957699537	4.442133886351106	1.357617655190342
162.02014249127157	2.8599030439033974	1.9931655492058553
122.81868645690727	3.6908844980423297	0.5122602217771678
270.845344159065	2.621822384375122	0.6424108916145944
671.5470958139663	1.3577163807708066	0.8857569106201203
605.7193459695802	1.9359987876912714	3.2844967809392758
588.3550154086281	4.067082751338823	5.652607160603601
6.932794814167726	2.3762817144719017	2.2591382144200405
274.1345302813131	3.990459283378798	2.943833533934379
171.6236932051275	1.5961082817714867	8.924652956136322
-8.258328390423522	3.9543720387441947	1.0912782429896792
-16.376677411435104	2.2592999398485962	6.106705560248339
-27.71969183435799	5.107595720575768	1.7385634496420745
178.51589589469273	3.675895456608711	1.2702042842249976
328.48371261907766	3.639283603468409	3.9341927542100943
761.9186920860939	3.1152819463658674	2.9632648232010497
99.24821777411483	2.5532535659559112	0.02111597685817341
472.61827345907074	2.1037997753688407	1.475332138671169
443.2147514558185	4.465048066963829	4.057175421842433
96.0249415518849	1.9199146515174705	1.0892852637759434
-9.280220661933019	4.971254742829066	2.9472495452565775
362.5749417294304	3.898489353051695	3.101383940584199
-1.7250600533478133	4.694997124037171	3.4965281736364004
-48.663510996268386	4.517034910582485	2.1303483180867198
107.35884155652647	3.9408698661716066	6.53540749484416
14.586445087713946	2.7620876186357157	1.2431135570196847
140.23237489135863	3.869838344464591	1.959562852469579
360.9537996500413	2.5475408812039873	1.284902312256619
118.12807884433697	1.284887920135641	0.1566719546941688
2151.867660263737	2.3577838820779693	1.935996383739957
2366.469508900486	1.4069744934092472	2.0585709304772997
2691.6932609010146	2.646765295407785	0.6015588301061128
219.07750320250875	3.5509714059440074	3.6771907342133545
61.0197325045169	2.8394102772807615	2.649291642980392
14.0014665452844	3.1868309473811016	2.235259568726307
251.54597806540735	3.1801783657165026	2.1323129891851567
79.1453396113202	4.010432098239427	1.8181963513469817
39.91288119870097	2.2305028110995093	0.36100896531995647
83.80246734642566	3.6006331132624094	3.3891371184889345
718.6811922680741	3.140223702224686	0.42905241288547563
124.87864403564775	2.1638134602189805	3.7302719069841106
475.3495650145688	3.9966909603224425	2.436603171836883
28.93037145310274	3.003462518550775	2.9714023826680442
2038.9325060027838	2.925793749633535	0.6521056613782975
140.29473688625663	3.3109683178400795	4.118472485294383
-16.788530641805913	2.0192377299845807	4.993479104111415
26.999928271957188	2.7439488630222315	3.3425400348630463
646.243745984732	2.7065663453173046	1.653353554256246
81.98396921509703	2.348654792816989	6.511878357436662
344.8261630741322	2.6368149445961797	1.3519938827795037
2095.294477256629	1.1397872270724259	2.6654017324481183
800.3112094594925	2.636823549006005	0.7033866964470729
791.0086865537293	3.3990717713316	1.1676409302011546
2243.383628346659	2.9153429605416705	1.758491781558501
1186.3471511671846	5.902526545244604	3.4251480127363503
1775.517951388642	3.6737845004003407	1.0127007397656282
1617.0527793028623	4.2670072057600255	2.270933612172271
866.303970283698	2.74837736481539	4.5108299079457375
350.1848099838255	2.524584450713448	3.871694972274981
1020.0114206748946	4.892632700567847	1.7561234526380947
35.05531039736828	3.8421095809541335	0.18161377276033858
78.0100039983623	2.9344433821380127	0.946380320925679
0.48011976831223	2.3476847177932814	3.2706959901511636
797.6764021080503	3.62112897305813	0.6136746353882275
155.23698391898515	2.3165791021352433	2.7181307105859407
271.9230356045314	1.3846415463469532	1.9314738647158698
918.6425114684365	6.700564104011762	5.564954345685999
1754.5062367349458	3.1400491803716117	1.2944303831882655
140.9855286683055	2.7381022192564295	1.6640466963639533
98.50446687107964	3.6535450393394533	6.874060868390812
667.6008623495104	2.579517144568499	3.2543659114012318
394.6047823310708	1.648784999462367	1.7897627214786214
277.25587466654406	4.8145101144027	1.5717381936555588
150.70762292087684	2.6249877805189157	1.2314083725015559
116.1494532365746	1.0767126900223571	3.1912589534932176
249.3508339743673	2.47555508428903	2.7168224432115617
831.5073432378329	1.4729170703732708	0.9145552622535412
181.20412868547035	1.5601053982602928	2.569532267991005
900.1892058721996	4.009010829599221	-0.039198924122727886
999.6940072274492	3.3577727047510413	0.27240114610979194
130.41300563484765	2.9364039880903032	2.985174076852284
1208.6432018218413	2.071049001439374	1.8523202564134162
183.43542811021854	2.5656886535226002	3.4173271896515596
553.0646111570993	3.1095504239150342	6.308871087910111
-45.19027999425237	0.7848438478583644	1.9671095310508804
8.414121686543968	4.522181823808393	3.3226387127406247
631.8448454609899	2.768452266631717	3.184581355982931
301.8156245297243	2.7351644607958656	1.1871496141683546
1005.4753080532965	1.2680703611416801	3.8613250056944333
2172.704165579382	1.8382495073968956	2.809291471243351
892.2708940972612	3.2936324175488156	1.8061148353531113
1622.5236976180393	1.4464573833325276	0.5999097602918715
216.97359246262624	3.5030792254783845	2.0398044855195425
232.55158598336106	2.343926524397634	2.4255235028953366
508.97750387727376	2.9095977169637046	1.1533759269930062
55.46858624036634	2.247092304611009	1.8526417846790986
1.9572708077148544	0.5741116842988878	1.796255388731815
-3.9996902846734015	3.5005674534426445	2.2458650589853835
2432.44147963852	2.4025020889099036	3.1423177228383072
281.5139987045724	2.6407170433634013	3.4007194433362344
1832.5751887691176	2.058528830490796	0.892933558126375
586.5638365151186	1.838007440433905	1.959916957312406
329.64791713983635	2.310846136620644	0.014553496458006653
123.2093743517036	4.660996057000023	4.21406533396453
252.1889363021655	2.4494884145557165	3.036063455907549
273.4206752413527	2.629621279046309	7.785591784032398
714.4506611218397	3.462799112180633	2.860848844280219
211.39264622449852	4.066367798037694	6.506664008325511
98.01408677149666	5.427697324716545	0.7950151884250519
221.87597740277764	1.972880580532126	3.425411852958986
2.4007901315288787	2.1068077395627314	3.2761172675366836
1332.0122080243018	2.4379858359113498	1.3669054282377342
658.0913740572827	1.3017081437417557	2.4256485755846344
1433.502909372173	4.327769711233008	1.4757466620263744
1082.5430726097452	3.55504145534556	2.0955996001417234
417.9668790797068	4.620765460502025	0.23604085306467804
754.7892346136528	2.316796937673896	3.7636767825939903
26.23487420949788	1.9774486767767954	2.076122504561769
347.0419608202297	4.027144098374038	3.2607256174398467
146.9496210072029	3.838855449184686	2.1432714068827265
411.0978436799031	3.6929990775544974	3.5719093141712355
77.00463681944015	2.6599510550409304	2.706271344914058
207.65776620058446	3.2976356521254644	3.288785036549138
1280.9194636569239	3.3914979843118425	4.0969693923515935
99.25368873564005	2.306293145908954	0.005382312688543815
381.36281153653704	2.2332225826397245	2.4864784065366483
143.62672612162874	2.3911133074625233	2.9495582719340177
1561.7502746219157	1.7634339446310499	1.0664006672729005
221.45785902101363	4.917783085497312	1.6628250444672226
-7.03822974130874	1.8809092771613662	2.5636292402814997
160.69084135101355	2.541527156249516	6.832793354865879
24.913785839343	1.6980695975267652	2.1161155362760566
2.8995821485527635	3.753060565818544	0.3999527999846304
3.601775991151279	2.5609852793400565	2.274309786327719
200.72897570429706	3.3046075473715817	2.200431598515423
107.88086368467492	2.0080123531945677	4.038212926650202
189.13828693707447	2.0196287795667685	2.429871686701787
326.74427154079444	1.5780830232370202	0.09516440754944942
39.07219247002843	2.6301924886516685	1.7319946157899027
1102.024710023744	2.5728110135544724	2.9110986151779126
215.02382742613094	1.4464599582460476	2.300908661404232
1125.8042854414139	2.584684983074158	4.6542923958800975
1223.0421763743711	2.0051034168711572	3.3338491340028544
208.88883637724476	2.188690203414272	2.136134685967877
68.30178580784164	4.538604395144171	3.422111542969989
56.500314399093966	1.8197452211497143	1.3303050509171952
1726.1422262068402	1.9288896031927953	2.645323339430301
333.41722548288794	2.6812578992166967	4.589509439190011
804.6280596997788	1.4504765313173926	4.046080362436292
419.91003382662296	1.9163587101421702	1.447075111865863
270.48726171330964	4.717466797098046	1.1374010088737343
404.70011336633945	2.4496491102194717	3.196223791838165
113.4189796673519	2.4193041259967907	2.7390450402937825
339.4487653704055	2.3735090282246385	4.814508987484272
5.397167330863323	3.387197980336746	1.243834923899835
1035.4183713236475	2.3430511291389946	2.1378656602299797
82.3036953023012	0.6775130490127044	0.11424933637051482
-1.6616872202594477	1.9762473875639683	0.16481597985098806
56.662546650688924	4.474298325184656	0.24296896614618102
693.3662393327231	1.8329235686926837	0.4890859929715261
303.99693744966874	2.467499494471495	3.9659621095822146
2203.434014835675	3.894671396518303	0.08240228104181847
235.121455422614	1.4443990062241534	5.451818367510856
537.558841761423	3.3312803948768384	0.6356649028876653
291.6705135491809	3.147076560616755	3.734614637860307
111.58679799836594	2.3512917405602827	2.4574069157482117
1105.6042137717816	3.3108545162939254	3.283564429445369
33.50823737188738	5.312592515609909	0.5876062403433384
16.527400586508886	2.4314587827296674	1.7948211567426884
27.79182997198098	2.2387206251779745	2.191379416518699
121.52283359322499	2.513069539647024	2.6524716404521915
646.5199568000018	2.8189286737730983	5.1212958638932475
102.85043380640191	4.444917166708825	3.7944672017514187
217.80125232724117	2.7512044117066967	1.69289146100934
636.6002023295666	3.002091776936556	2.5260765391654516
507.0866977997499	1.074895419908683	2.502045623007174
290.5175133320236	3.141454505902199	4.072360371416986
-11.885982495215654	3.627734828696287	3.190055389591095
1.5759514465152074	4.180691044744781	4.056949734929727
147.71843177497445	3.3642261052789784	2.151825344746481
621.75867202654	0.5532950196952134	2.4463399761146207
-2.5621315801803664	2.363856709943304	0.8729507139592145
1568.2348431365508	0.9408851966900685	0.6780944325172844
244.30687008391328	4.026940758048664	3.357731918307422
1081.8513522254573	3.369142707493224	2.4272151206291017
1203.1712300429417	2.1254285716289067	3.560739129487466
915.7312683081105	5.437783246436364	1.4069011753487481
975.7121313551643	4.263161212507252	2.962945468231112
136.60879235233264	3.6982832156428636	3.009580020946686
20.26508801597731	4.002135496774174	2.244365060286417
36.82809127802574	3.1179024825759236	3.372282490002982
-45.945324917057214	2.7343735349394094	2.147451351193087
185.2356773755497	2.1594105697748573	6.3076539762893615
640.6011138912045	2.2979608053969875	2.270238806597383
430.72322910802245	4.0531077132424	3.926584688430528
685.4484367607963	1.8735615230458675	1.1781041347357484
1095.3952644826327	1.2829126162299556	2.3499209821573235
2022.4328873541742	1.9297037943734443	1.328617604327181
1174.3307141958596	2.0863843703080325	2.495544529197584
154.82058274288582	4.310795108500439	0.2695130551400827
-10.923744521304332	3.461609330169422	1.625091053223527
113.67053828328525	3.6023219240666604	4.131684902170714
68.69493013895138	4.3066005967124505	4.964402020666105
755.0653212053944	2.7270598760725266	2.499069152412407
-25.401179315526385	5.13288085349348	1.8538820425996634
184.55911351329968	3.5633803197631537	0.9425970921802629
89.89930703508854	2.714960928361884	0.35682736737886855
56.87305643378388	3.6053672868607745	1.936481538683383
395.2190229185183	3.6498593629180878	1.0381043047754532
1732.2580765141895	1.8050456973400324	2.5017017529376346
1049.8803092524558	3.2830409785677013	0.9006468113385871
502.9352960685623	1.1005180316119023	3.841486986459288
214.5846650599247	4.335322479985038	1.7977059749589208
20.41362608077633	2.4072223266353956	2.570344943470805
197.94181779535566	2.9163376083459482	3.2498098690660164
535.0171570206892	4.443941654341024	2.131786782296771
208.5549005945249	2.664713455599729	3.343076554120964
18.66005273079216	2.5973960040672868	2.6552403084334406
0.6706363151628408	2.43649967560141	2.2684990539890344
245.41976252261233	2.7927508323480903	3.370497690438634
424.0083780900886	4.459302012252408	3.805124310802808
475.9872152847883	2.7927672759866384	1.5099141360481487
991.7325547485308	2.0237699015126855	1.9028353827172835
113.6471240441201	2.360254291103817	3.8307946421739363
209.79743756020392	1.2571463238868172	1.8791626873661793
110.19624172683812	2.320866081454706	4.080697318295871
11.231423723004081	5.0173871556249345	3.3275015009197793
25.751630689421226	1.4518715495907535	1.9452751493300227
73.98054105645531	6.103394684290487	1.7650487279320033
22.428236805174247	2.882117816831311	3.409823447730867
657.9092757019032	3.2902104341558442	3.0688423428533302
115.83277877972897	2.056612795398367	2.9360677298537454
2560.3515745542027	1.5546417197718982	-0.04410095398496637
240.869737988267	1.8784153719355627	3.0013070057918494
331.23494483684976	3.260617396465397	3.6257456300398836
346.9106949509585	4.922783112395137	0.9154836679033308
303.738821964403	2.4044397442194807	1.6754607549387117
-6.8060536835617516	3.636913619629993	2.8569915174438356
36.22488607641704	2.849196537741159	5.269954369810788
29.53680238545435	2.287089444137642	1.1697762230897117
875.7949306154529	2.2450136443599105	1.7372700641861412
192.51948934292736	1.9509582062461446	0.10894800760604248
228.91369859103318	1.3759269963307244	2.232978136785148
14.769251719238044	3.247342123309277	0.5822257389046099
891.5994247768191	1.5795417138816672	1.0840695034061352
189.66584501476325	1.605470275536029	2.412313854962245
346.6339566579028	3.1026241972148565	2.0094050404383235
784.9412045995822	1.1001568520665737	0.7245473840581149
255.73507736202257	2.201040818397226	1.791919479387011
84.20826682149766	2.445647898810591	2.0904532339626805
-12.68360971948964	3.0191925555425803	3.572550851645859
-45.14734313100522	2.711674195979612	0.4628716867804068
57.74095355693123	0.6305714258892196	6.25467464424623
956.427845860961	2.8418233081079287	0.34207006642310267
6.558553106352498	3.759029903237912	1.5609072173445133
470.5548096001756	3.356362953818573	2.897933852305946
1892.9984595401033	2.04639768813005	2.043201992314997
330.1352576367075	2.2964457256456003	2.4389154787738154
1092.069823827166	3.3860863717303658	0.5821640279370519
95.14894632982812	3.7512591156213073	2.207439188321371
202.2780811387603	3.548991439276052	1.6659798311939784
66.11881579701267	2.6741209167910296	7.769214044459206
51.565814144608545	3.3382156358570465	3.2304899477043363
26.32177551362065	3.193036765492267	4.219681529937868
218.56905670448046	2.3924053674055292	1.5953613504161996
34.49828773305012	2.623243940342723	2.5061471883594564
0.9869430266583464	0.650770515060354	3.299556503051105
1097.3943712905325	3.4787042530124075	1.1364251831481338
337.0374251823733	3.766040452122781	3.5773099043756007
288.7901383872101	2.619752560283933	0.5767480823917768
990.6821908267437	2.9975950170273995	2.7027711718283576
881.6383431296141	3.736510808590983	1.7793193397440459
131.84575353660432	3.3818698508751592	1.676334188218536
90.0025612201615	2.968344584603473	2.0043696637099098
42.72997559867514	2.593840478973469	3.2235251844968906
147.97098235171222	2.6658522418367188	4.677994542093337
63.44291898282107	4.850952902652702	2.458203748261034
-37.00579007345937	2.668104144263482	0.10158412409005171
571.0590809628936	2.1384713734346024	0.499166566093621
246.830576809063	2.12346880243911	1.0571906897021528
738.4323787337785	4.430947472274288	1.0521134877553466
22.925213178301593	3.197315657538816	1.0489850095125264
3021.145442123654	2.0329545078430993	4.127735989856468
144.81920669875024	1.0986068837252279	1.6722937515436889
137.71352495529007	2.204668973188573	4.6225370624482
5.566067806559908	2.5165921138206633	4.644096650045454
116.35808274682913	3.762320493039305	3.5940945389843875
149.6345785544726	1.405116653821943	4.628076500600907
19.726689273104427	1.7291324834998356	6.55473940620382
187.79588773018781	3.540604292709621	2.2230651908665298
2158.2886279530226	1.744685140218669	2.268635399376347
414.4974922993595	4.129679441302459	2.9373401121696032
98.25000769029384	2.580618527360093	3.0907341623624576
