Flow 	 Preci 	 Evatr
816.0	2.03	0.97
2394.0	5.09	3.75
3144.0	7.49	6.64
2366.0	4.49	4.02
1499.0	6.44	1.67
357.0	2.67	4.25
71.0	1.67	1.01
59.0	2.25	4.11
-35.0	7.25	16.67
98.0	4.48	3.46
331.0	4.8	2.26
1757.0	6.47	6.19
1884.0	4.64	5.52
2558.0	5.2	4.64
3177.0	7.66	6.85
1981.0	4.48	3.45
1079.0	6.02	7.84
221.0	2.04	4.78
1006.0	9.82	13.04
424.0	2.12	1.01
25.0	0.55	1.64
76.0	2.93	0.78
53.0	1.35	3.3
339.0	2.67	2.9
1039.0	4.61	3.84
2497.0	5.37	3.34
386.0	1.39	1.3
87.0	0.46	0.2
248.0	4.79	2.68
-4.0	2.23	2.08
103.0	4.68	3.34
566.0	6.39	5.56
101.0	0.33	0.32
31.0	2.85	2.04
2565.0	9.97	3.82
742.0	1.39	0.7
340.0	1.32	0.54
453.0	1.87	0.03
1120.0	2.98	0.0
134.0	1.1	0.18
149.0	2.73	5.76
-52.0	0.84	2.77
24.0	4.2	2.48
709.0	6.99	13.27
-21.0	0.53	0.62
-38.0	2.0	2.34
63.0	3.26	2.47
610.0	4.1	4.52
1919.0	5.88	11.23
1908.0	4.23	4.98
2274.0	4.54	4.01
1776.0	5.46	7.38
305.0	3.08	1.51
103.0	2.48	1.48
31.0	2.58	6.79
-35.0	2.71	4.48
194.0	5.83	6.68
-6.0	2.65	2.2
79.0	2.48	4.12
241.0	3.86	3.45
784.0	3.35	2.03
607.0	2.24	2.5
259.0	2.09	2.48
400.0	3.48	2.02
229.0	4.97	1.67
48.0	2.43	9.58
11.0	3.23	3.47
-3.0	4.12	1.8
85.0	4.79	1.8
172.0	4.14	1.9
558.0	3.85	2.71
148.0	0.76	1.18
340.0	1.7	0.67
2218.0	5.91	0.59
3239.0	7.06	6.39
1743.0	5.61	7.17
1457.0	4.42	1.39
723.0	6.62	0.47
981.0	7.3	0.0
1151.0	6.3	0.56
239.0	3.96	0.0
904.0	4.91	0.04
622.0	3.09	0.1
1247.0	3.12	0.0
1310.0	3.93	0.0
2029.0	4.32	0.1
1079.0	4.17	0.0
1409.0	4.42	1.1
1565.0	6.95	4.06
195.0	1.14	0.0
57.0	3.67	10.38
163.0	4.67	6.64
-53.0	0.46	0.1
501.0	8.16	2.26
140.0	2.08	1.48
613.0	3.78	0.44
2084.0	5.15	0.0
347.0	1.31	0.0
1728.0	5.94	0.0
529.0	2.63	0.66
219.0	2.72	2.06
62.0	2.03	3.02
59.0	5.35	1.0
25.0	3.13	0.32
146.0	4.96	1.84
18.0	1.93	0.12
36.0	0.98	0.12
123.0	2.73	0.0
1174.0	4.84	3.84
575.0	2.45	3.34
978.0	3.77	1.3
497.0	2.4	0.2
148.0	3.23	2.68
325.0	4.67	2.08
198.0	3.98	3.34
119.0	4.19	5.56
72.0	2.35	0.32
136.0	4.54	2.04
747.0	5.08	3.82
724.0	2.84	0.7
1868.0	5.13	2.03
792.0	2.66	2.5
3718.0	7.57	2.48
2403.0	4.99	2.02
321.0	4.32	1.67
20.0	1.65	9.58
0.0	3.22	3.47
-16.0	2.2	1.8
5.0	2.68	1.8
28.0	3.27	1.9
136.0	3.6	2.71
398.0	3.69	1.18
784.0	3.99	3.18
1213.0	3.31	2.54
2704.0	6.9	1.85
508.0	2.57	5.49
115.0	2.22	4.92
55.0	2.7	9.64
201.0	5.66	2.25
136.0	3.91	2.13
-19.0	1.49	2.75
190.0	3.65	3.42
83.0	2.38	6.25
58.0	2.38	3.41
843.0	4.25	0.0
1406.0	3.82	0.1
1187.0	3.13	0.0
102.0	1.18	1.1
156.0	3.66	4.06
1935.0	11.0	0.0
496.0	3.97	10.38
153.0	3.23	6.64
13.0	1.73	0.1
1178.0	8.27	2.26
1295.0	4.77	1.48
700.0	1.84	0.44
1682.0	3.83	4.52
1341.0	2.33	1.92
1300.0	4.1	3.0
864.0	3.63	2.75
837.0	5.03	0.0
230.0	1.89	2.29
164.0	3.5	3.27
402.0	5.28	6.28
4153.0	13.24	2.16
819.0	2.91	0.0
597.0	3.32	2.2
1331.0	3.82	1.15
1151.0	3.56	0.0
1533.0	2.89	0.0
1089.0	1.92	0.0
1712.0	5.65	0.66
376.0	1.38	2.06
371.0	3.63	3.02
273.0	4.26	1.0
-47.0	1.31	0.32
37.0	3.77	1.84
47.0	2.67	0.12
285.0	3.66	0.12
312.0	2.66	0.0
3006.0	7.91	0.85
3393.0	5.13	2.41
4393.0	8.37	3.59
959.0	3.74	3.89
373.0	3.95	2.79
114.0	2.36	2.61
28.0	2.83	3.24
31.0	3.07	3.34
80.0	3.82	6.91
37.0	2.99	1.36
57.0	2.19	3.3
278.0	4.75	2.96
1598.0	5.51	2.32
480.0	1.9	1.46
919.0	3.0	5.51
859.0	4.87	1.09
214.0	1.22	3.78
110.0	3.28	6.78
34.0	3.28	3.29
201.0	3.48	2.15
5421.0	17.8	3.25
607.0	2.67	1.2
296.0	1.59	4.23
419.0	1.74	5.7
1127.0	2.48	4.52
1579.0	2.56	1.92
941.0	3.2	3.0
1372.0	5.66	2.75
441.0	3.18	0.0
281.0	3.82	2.29
630.0	5.34	3.27
455.0	4.78	6.28
279.0	4.42	2.16
-9.0	0.08	0.0
91.0	2.03	2.2
148.0	1.85	1.15
160.0	1.98	1.22
473.0	2.91	1.87
1986.0	6.28	5.78
799.0	2.6	1.16
121.0	3.12	0.44
332.0	4.59	5.83
326.0	6.46	7.89
247.0	2.71	2.03
82.0	2.33	1.41
-7.0	1.41	1.24
4.0	0.49	0.91
74.0	1.92	2.04
568.0	4.29	4.83
210.0	1.02	1.21
333.0	3.01	4.24
159.0	1.57	0.54
-11.0	2.02	1.41
-66.0	2.32	2.29
-3.0	2.87	3.67
56.0	5.18	5.84
99.0	3.95	1.81
1814.0	7.96	7.58
1026.0	3.38	3.43
1965.0	3.32	4.07
658.0	2.13	1.8
2131.0	4.77	4.29
2953.0	6.71	5.17
2923.0	6.29	4.54
1617.0	5.47	1.65
973.0	3.15	1.94
882.0	6.48	4.9
823.0	4.28	9.7
646.0	5.77	3.48
189.0	2.87	2.97
268.0	2.18	1.49
1092.0	4.12	2.84
240.0	1.2	0.92
961.0	1.99	2.76
403.0	1.54	2.28
479.0	2.32	0.91
289.0	3.48	3.1
67.0	3.65	4.35
179.0	4.68	3.81
995.0	8.72	9.88
535.0	3.95	4.43
183.0	1.76	1.42
585.0	3.25	3.14
707.0	2.11	1.85
857.0	2.87	2.31
636.0	1.91	0.25
1463.0	4.34	0.39
589.0	0.74	0.34
135.0	3.52	2.75
141.0	2.66	2.8
36.0	2.44	5.54
17.0	2.15	2.14
-56.0	0.76	1.24
37.0	2.77	3.87
132.0	4.39	6.73
688.0	4.98	7.14
368.0	2.67	3.18
343.0	1.84	2.54
103.0	0.84	1.85
324.0	3.79	5.49
131.0	2.87	4.92
1259.0	7.2	9.64
516.0	4.37	2.25
16.0	2.83	2.13
294.0	5.5	2.75
179.0	3.68	3.42
2360.0	7.53	6.25
630.0	3.42	3.41
1082.0	2.13	2.44
586.0	2.11	1.49
1023.0	3.41	3.04
1060.0	3.54	2.75
137.0	2.7	1.91
47.0	4.28	4.85
-25.0	2.56	3.7
-46.0	1.47	1.33
-44.0	0.92	1.57
86.0	4.55	5.68
1.0	0.58	0.53
186.0	3.98	3.06
101.0	1.52	0.85
221.0	3.26	2.41
887.0	4.81	3.59
1114.0	5.82	3.89
223.0	2.92	2.79
81.0	3.73	2.61
174.0	3.17	3.24
252.0	6.6	3.34
1930.0	8.02	6.91
66.0	0.85	1.36
230.0	3.31	3.3
990.0	4.12	2.96
736.0	3.21	2.32
298.0	1.54	1.46
2357.0	6.3	5.51
542.0	1.98	1.09
197.0	3.93	3.78
638.0	6.29	6.78
30.0	1.94	3.29
26.0	3.43	2.15
117.0	3.64	3.25
17.0	2.18	1.2
1787.0	8.49	4.23
2768.0	8.13	5.7
1546.0	2.99	3.82
2200.0	2.79	2.68
835.0	2.71	3.1
185.0	1.06	1.63
1060.0	7.08	5.78
130.0	2.46	3.04
40.0	4.07	2.07
30.0	3.2	6.62
174.0	4.75	6.05
78.0	2.49	0.88
18.0	1.05	0.78
107.0	2.77	1.43
110.0	0.78	1.15
237.0	1.72	2.05
621.0	5.37	2.81
404.0	2.9	3.2
342.0	4.37	3.08
-19.0	2.81	3.72
-8.0	3.43	1.78
-15.0	4.08	5.14
107.0	6.02	3.85
41.0	2.55	1.99
195.0	4.27	3.14
245.0	2.54	1.4
155.0	1.58	2.04
275.0	1.94	1.97
913.0	3.34	4.2
125.0	2.73	1.48
348.0	3.58	4.17
25.0	2.08	2.56
50.0	3.87	5.27
141.0	5.71	2.71
465.0	7.51	6.47
57.0	2.8	2.5
1.0	0.43	0.59
250.0	3.43	3.0
854.0	4.0	2.65
980.0	3.82	3.54
494.0	2.22	1.57
614.0	3.75	3.31
995.0	4.65	3.34
1348.0	7.62	8.36
1262.0	4.77	3.41
268.0	2.33	2.24
12.0	2.49	3.45
5.0	2.69	0.79
86.0	2.77	3.15
1000.0	4.75	5.24
973.1367275531317	5.101684371397035	1.4524919065193451
1183.9513497069786	6.049133815243442	3.1210112127928906
2240.5227700628247	1.5964888241571278	2.8188815559895484
395.98754514000643	4.814621131033187	1.5588270883971422
22.290959436102398	2.426950384312726	2.978794313011077
50.284958403350544	2.940392964793972	3.698605676498239
258.42460251973864	5.891930198780019	2.0652110976857196
101.98043997748694	5.852737167175467	3.1502030076245093
45.538338259805805	1.9417346044841615	0.8411755143306783
267.6094392609361	3.4155291715278584	4.197468710828161
281.55897173797075	1.7613860891220652	3.237407036203882
967.4467031157122	1.6533425485450763	3.236156729592933
241.40404289018997	2.7646217231114867	2.204660338957399
1198.9246942569698	2.9576258574575274	1.6903922173730284
2078.468370831962	4.52891640505983	1.0729406304838691
150.46924729640196	2.228218457643864	2.690778136970927
64.03063627439333	2.648282794241709	5.443204064387055
182.64233135335587	4.5670767043646645	3.660780237721967
211.1527283270038	2.3239174832176825	3.8784227815577745
4154.113869211917	2.350858182679923	2.0338410808980423
-19.119245675976963	4.566292754142859	1.3480428796231154
32.48388473025273	3.3001254378512743	3.9027703546971866
700.1433736159939	3.989630140617437	3.601177133634815
1199.7892386731178	3.286941939272187	2.973515648269184
2165.0892694245636	1.848233204016769	2.5135201277163555
1716.1599341949063	3.118640553385658	2.432827728515413
1488.8802598583648	3.7157794548961567	3.4025074782572595
138.1860626662689	3.3092646184392134	1.615293337787517
57.947131033450034	2.399023081207574	1.6255412419924564
27.74017387141314	4.277689494632472	3.7499054179956746
259.14792851991604	2.183905730645971	1.8009374348523597
102.62884992584885	7.161491471301037	6.530618602064621
129.61280593423268	2.919556443935981	2.2537803122248667
8.668927899124343	2.1478781867684575	4.201594400952269
282.57288405129333	2.6752058936446206	1.1451119684827464
835.4735830481595	3.126874895071808	2.122731102033425
1353.973054692206	1.850197256093005	0.880250629449573
3154.079583508289	2.8006389753467884	5.409546348442403
1680.939396708879	2.5124474857828694	1.0871062638338735
299.46639310644724	4.674555873280586	1.586798785517262
1806.1770017560307	5.52253414596276	2.073363296493851
9.876598827003406	4.475118440271848	3.456529984280968
540.234494599491	4.181497488059817	3.2620414469630616
234.4278444918664	5.613174980040144	1.9579574553594252
61.29333844609202	3.3976855286818592	1.6120842652979241
572.0865606739906	2.3889480955882387	1.4899501948664955
575.5978632802869	3.83018417651008	1.15267600443333
1085.8251796067962	2.1325775169568617	2.03153640974676
235.98559078963913	1.9475230990189474	2.3592154953104014
3229.0857737412416	4.368848579047172	3.9347116680616554
1054.0760448670435	1.3553329154795544	2.821651600673135
1529.802898981879	4.820030952739333	2.754747585286953
34.85455664210561	2.027629813786558	4.474821010891737
680.1074268669618	3.918914173824685	3.2083845005834792
-1.6208383213061706	3.159569963398028	2.924529642013919
83.18657825367791	3.9635305004378885	1.5544335435247054
156.40110890097247	2.906105507653459	2.2076974865410013
388.4477811107119	2.04326611819759	2.4175883830746168
241.42849795617863	3.6593600803752864	4.005919827856804
244.4063102154375	1.359279928131235	1.1882780467427814
501.4132832241883	1.9067911916541571	1.8907741560740507
1726.3822858294925	4.113114318703013	-0.00354846792152729
506.73260275455556	2.6235313622240866	1.079053594270109
130.4789831554117	5.0542611721013175	3.1653029096788377
206.39880844903897	2.3922505029997647	4.518414746792477
39.867321239279875	3.906433272216406	3.7282344611680514
791.244924643761	2.9894075352399927	5.84037451106071
31.27479221836503	3.1715338719193915	2.279461629973863
-1.4483809688979197	4.15118858312839	2.379462840987433
0.8717526942073541	2.6852522353083508	2.9613554913341993
132.68250650354045	2.1312319212203206	2.9819750013280903
1555.0880519327166	2.367074885026997	0.8440067151181645
1590.277260557088	1.859602393087011	3.1043752066463126
61.017420709261536	3.4246929276438416	-0.01382470408321804
522.2466227261705	5.161727124890339	0.8313509201831626
108.4701509133703	4.601058710902032	4.584623027105186
321.4628678692055	6.189572351678771	4.854273485790741
39.933426499486046	3.2334032064141818	3.3076908862261374
768.8659359562939	3.069341288510595	2.1169411270314655
92.4460846659568	2.3816629080754517	1.72702940376605
116.08360906355114	2.861303220852887	1.1229542543205913
141.29209216387352	3.9620118617701103	4.171980527035486
249.18943625355067	2.7703754311094326	1.1484564888705313
708.941632887693	1.9861809088303963	2.0453348937757743
487.7167041467946	1.896995366139451	1.1899174184990415
929.0504171910361	3.0277367837547526	0.9649910917774596
503.54314902660064	4.328723021666917	0.5905171717778507
10.434505160069886	3.485458943865248	2.9725304732083737
214.220547328268	1.7307724409657568	4.571449797448789
56.22820873801442	3.284868492505056	4.033293967682652
434.5158422616445	2.8286059794040948	6.313622337608093
14.853901048572776	5.992638226615493	3.3840189198204436
181.18134809053393	2.6691752331779752	-0.03277705228250986
606.3895048123564	3.248255827532883	3.295205124163566
157.7817252673011	2.036106771740803	2.9807004516654527
915.1768114009802	4.5192755677296415	0.9716831108471442
1491.1256429290302	1.9051604276063414	3.304300609471141
337.49864504666164	4.283585743299501	2.045628349387796
682.9556906060859	2.0913033014331552	3.9294592862984206
353.71333706861435	3.5624465930594615	1.6564107659620129
18.758217197988092	2.459495257380352	2.1469199004116803
-0.18918751710198087	3.226114976731925	3.306944514304089
252.91221534096152	5.351413479443711	6.320571791010244
12.122453959579962	0.6534877131491543	4.996606958480009
441.40666504298827	2.7895938901094293	2.3340778804253177
130.1950621185281	2.1436701779919525	0.425847876868013
68.66110666100761	3.8045454826298766	1.4298047809115366
744.028803097652	3.564297907158788	1.5253809223730712
605.1981036394192	2.688170024731887	2.618287957355649
1058.013542575602	4.179068064520153	2.226063438066516
392.5021896596892	1.371580868395657	0.6373614002896192
148.45246361624964	3.171410075176659	3.9548033643722116
193.89973496866867	2.663275809239462	2.6481863358583166
288.2622769830069	5.388649080244419	3.5625006821800613
153.11202270549882	2.7603129534788184	2.140970155311546
96.0301434040043	6.450669923917507	1.800886825447905
181.54191861350282	3.6323453598008264	1.9528685587969403
1125.9165955140616	3.713909121912459	2.7078137367942654
664.4372079426344	2.6626881103697655	2.9490748821441373
777.0626552148932	3.7347082327543304	2.7203474183810283
389.98226149610434	2.65663357786793	0.0852246496629815
1622.471555853599	5.394181213872159	4.8370398565769435
678.9157244678489	2.595065139934378	3.921567696712461
1487.8143005304514	4.773737474933481	3.8247339740488786
263.7893608108818	3.030027403824921	2.710579419104586
36.75168241439805	2.277578003869177	2.18633676465274
-37.78088278448876	3.364257310520532	5.9302217199149965
-23.687542477991453	3.564458421275787	2.049055590767202
64.12360046197237	2.896037552440903	1.9909062095380132
63.39230991178368	1.4064899621350175	3.8050174231273144
2712.019528888962	4.033411778401369	3.2689395963803287
1343.2450955544223	1.4205473387289622	2.0688055578867135
2162.1509127040154	4.921029564690255	0.5110168589189661
402.31906200750876	7.002634125145044	3.3027354274349516
497.57511548619095	1.0685580924647018	1.2898190169620904
133.48753278139299	2.9215653113329463	2.6891065970801744
62.01296254285415	2.0461827014997573	6.6489377907847516
35.882277086460576	3.609498315803851	3.3405453889491894
25.861868881749	5.042861999075022	1.8785170318571422
-54.12656589823822	5.791078655754516	0.42298576552239614
229.9548947944583	3.6882329000121565	-0.028917752412756396
83.71487317769083	4.678753567181919	3.6555412322653127
148.41205750564956	4.0175103826473855	0.6961790734902586
2615.7037341969067	1.7158526831655372	3.954056063335237
318.556151908602	1.8849746913444854	1.9089343424777838
384.2101295690945	3.5441563989515275	0.00604467288868987
864.6050560514948	5.332034207522235	3.937802374894541
17.166030633004176	3.1438197786072855	3.3072656619498573
66.76820773190722	3.687425694211327	4.669770966230306
248.33952715133515	3.028936046758714	2.1751055282320597
-6.476236519589917	3.1359780541745765	2.1513282387640906
101.52862500422869	2.5747495209517544	3.2782100129399234
92.27980857028246	2.978385813908998	0.24046057922384978
90.63865864545124	3.891957659215266	4.008933158206101
302.4674077639527	2.6953421032947698	5.34585880840739
759.4433796642587	2.669104330294468	0.969964121895042
1746.8277959524862	1.8003458237045886	2.5289707799624925
337.7699175650289	2.9259087779668187	4.233588474935846
573.0600119532899	1.620204342339949	0.4755593301157892
173.7694838574796	3.3297693259741448	2.950374677758294
1.0020475118145171	2.784408200276759	6.4786027787157074
101.71206609107844	4.607943776374673	3.7291157892163893
1.4443621062416854	3.162944813751322	4.536587676871275
159.8283323132335	3.76348987028679	2.6285701377553545
38.79706764799308	2.4249824337542876	3.2408166642381553
291.5411780105977	3.269806765445059	3.2923311451521156
684.252458773141	3.725613767314379	1.049892593949051
1842.1586790867782	3.2075784000166263	3.066913361835239
312.1291981143801	1.7442295019967828	0.6153148022396893
950.3481840313578	3.7465328157059763	4.371877919044518
31.823823655576618	1.1195469590487372	3.737166326202958
371.60899810117047	4.676721794153775	3.8564885779310147
108.41519922445913	2.3496997343999997	2.930323261033684
0.21850884966929707	3.2189636246346613	3.3129810453948574
550.2612764054829	2.19347241932471	2.5798564174508596
253.21752877107508	4.865995852675967	3.2970809420196443
82.17467320041503	1.8472324526603672	3.4893926700490714
2.5784792935453336	3.647241505309226	2.301364245287936
109.76403459295096	1.8545568147355216	1.4164883988893053
1053.5020122942617	1.9444391280573554	1.066569018488831
918.7940085383933	1.9961741234158334	3.287944332748319
597.8918261804256	4.133952077166543	-0.025786138927063718
164.9518988474439	2.520997082281441	0.7112091523476141
118.73282720674274	3.1304611280881782	1.7999975324105548
130.55921023016907	2.5947671187429577	2.1431595697809342
615.9577982159468	4.644739276362618	3.351875648092837
147.03110169601027	1.94293906053405	2.1389403511962533
66.994395314618	4.892697439328018	6.439844911891415
38.19873443467525	2.694401182117249	1.3320459412179784
2376.5990316157813	2.5379609603166564	3.264643303798215
321.88163994457847	2.3772972186955545	0.19169480586464252
792.2628697974071	1.6365807568690136	3.939268022669474
504.1124383024875	4.600556783779766	2.490611499026736
3682.8558503949866	2.847549966235104	2.0245915020924046
514.8031379789987	1.4670307683154138	0.5338442124912117
177.83895511153193	2.3203254530112893	4.709828011102112
-34.349429827601305	2.576024101690559	2.2128843187165943
33.8550811037542	3.973446493102068	3.4199529269488638
0.47770774140541133	2.311223153543718	1.7048821494493664
-24.378849424240066	3.6762770761255985	1.6186155673325113
-17.960084830803186	4.090691686815565	2.548673527993827
3.185781667043268	0.6713039746166123	0.6422031832097285
77.7994963706719	4.586381255934516	0.8570170171067414
794.7506784883137	3.5039795908191445	1.0792970761483576
430.27787311764547	2.201651706049222	0.10358964880879983
2572.9562024349625	4.51597250092047	2.9055659403220195
543.9305700456379	2.6303860393841516	3.5512122604161154
140.21669826779635	3.5718000710962685	1.4442372046354284
269.8021263209122	1.7787280318929524	3.757964114188404
33.16451603482345	4.098616397726118	1.0377018909118634
-44.50702040718865	4.9916894547213575	1.9274053377587261
228.36317962548776	4.532702136280708	0.26650047535251525
43.198680471798895	2.5717984415081294	2.2047109012910733
69.05159922369305	1.1701881190975352	3.2315933975421105
695.6205940303764	1.6089816394831296	4.578653462696798
1101.044158389196	4.147580438959902	2.1957149006687966
282.7341247025478	1.9174686002797043	0.09848316812436077
909.3990568227796	1.8360140862165157	2.023382606577416
843.2209987274209	1.1136329848523014	0.45904492975701394
149.6706940417739	4.042473277779121	1.811186581107556
106.80056917216882	1.9947143524505146	0.7528968376246621
31.495458739626375	2.557456075879915	1.0715520977098718
135.67515413172052	3.2464765974085092	6.336144915426104
143.1716159506243	7.1471323194477945	0.19299474536481592
286.320210783163	2.9106000461587858	1.3095973034491788
534.1691663233802	3.812138774913863	2.852365281073659
99.06287330115495	3.1965066857809243	2.9623557125799698
1583.559827593662	1.7174165493507731	1.0064388704571767
437.12817248596434	1.7452353834645449	3.1376313695116034
2504.4453012957606	3.3585583450172303	2.948226809316219
511.7657106562082	1.070017484895019	3.9407743539851396
1610.9669382779005	5.129318340414032	2.688600463368061
1362.6220044368129	3.2503017521681494	1.9945030255072083
787.5625176512925	2.8407645705439504	1.1911230968840545
19.062187664400216	4.917399737452467	6.332447954164051
2048.1203197421173	1.5544591133760113	1.5665736345111736
158.49326145239917	2.671792831387435	0.09528720780794091
597.1385659665547	2.086308311260672	0.6766878532186665
986.5013523658943	2.5174858722624736	3.8080931114391996
997.5979747989294	4.5430553490909125	1.0645743386016546
1758.4864700099497	2.6800004855258477	1.9323004488882582
925.5430750160468	3.0612209412292812	2.835218448611271
49.92568599192991	3.6453109920485858	0.6926265202362776
344.96018429815143	3.305770886969753	3.7553848695534655
139.28899927653384	2.6743879482841875	2.3915130490421133
51.29309593270313	3.581683428441287	3.7022160101918016
420.9203528830759	3.9912834717334102	5.814722278370799
1599.4234911904614	0.6846568487221765	1.8204219465916316
162.55730402362357	2.8230574186056048	3.032107545218233
1.1192169342483076	3.357037179933637	2.277511199375054
1216.1713768576963	2.6464916736075943	5.530313899394626
575.67063363416	4.155610843307162	2.0310271344809054
1138.2191752465956	3.1376868127910056	1.7407482673405663
268.41991202356166	3.3549013377401713	4.479911059955834
801.1843275836527	4.812086930057245	1.0934345202173545
252.867618783905	2.9182051276605256	2.804372959572265
105.26631974578092	1.427973246738673	2.3579708102345887
172.9160047945935	3.9812087450035496	3.6896482691186723
59.91417866681881	4.150336833551512	6.3432269449538445
25.427977394134857	2.4600443141484774	3.480873613308219
46.52659629700247	1.9508682641090145	0.7817453755135221
127.77837980349891	2.045107094552691	3.7665091347112307
560.961683200039	1.6654248056539762	4.193471015578529
442.95160007317617	1.7801718666949577	3.1830347859480774
275.8312166492584	3.0404520013341565	1.8753623956279695
355.7733513478746	1.6809263465005997	1.4986175737794554
401.1189114157396	1.1521081501183548	4.205763867176014
220.4516719420157	3.797589236500344	1.5483666811277432
-21.061917528286394	2.485346837044653	3.5743787209446682
32.233132801330534	3.973056750905966	3.3133380484136636
5.3450374525663396	3.3659856318462844	2.1297827563063922
396.1608274987844	0.9168690332007154	2.0442095465516577
-6.030194996699652	4.606359012845372	1.3890408537831425
81.3741177264738	2.3907409232354717	3.3372586098119226
1633.350450434643	3.1807438892123603	1.4605464032418445
168.30075186800252	2.9719241390159676	2.0706773043906437
2788.2475010878943	4.393286849622643	2.4026561859583055
744.0036982821274	2.7394881630221612	3.8678469422172794
144.5906143848019	4.629973706659432	2.773696031024864
220.2816681081387	2.320560307183633	3.851807881938331
-2.3010604543767115	2.685758730518274	7.432501142748742
92.54858164300877	3.245029805491353	2.09362199061789
227.05405758861457	3.330360165429651	6.4586304295728
23.09520798788958	3.7886724041309843	6.468207968852108
-25.13197057273451	1.494652246598723	2.298428114491107
197.10757122359308	2.166405886272522	3.21379224229769
244.04776719558282	1.8532029556512446	3.4378293120693155
567.3674659717892	3.602055173410785	2.035925852115705
2686.679658329585	1.3212623227426112	0.10939905272029221
3052.0749261188516	5.535485909460229	5.281730518660457
1746.4417995867907	2.6498215299151333	2.728318601795049
789.0378339886646	2.4715849643627674	2.843589872385602
-61.28738334689631	2.3666705785680238	2.8852704227005357
5.524758030736867	2.713787612567777	2.3024708036542276
144.14410806883376	4.018662964911556	2.148191890639058
81.05154886426536	5.715578474955754	3.2968752677543938
27.324810521441517	2.4806611540111936	0.6558734262894045
55.35956436368872	3.2218801954708525	0.3159860152582849
81.11898700414666	4.37560757485146	0.6287644956244094
828.2834448582119	1.3015303501417153	3.0183440332739995
352.322059277063	1.8900055587082492	0.18325411386482746
931.7209959638855	4.334740096523494	5.415850221506967
2298.3810983307762	3.8446535011574077	3.4451706879959314
139.84604996908058	1.3607851035709992	1.5579102361360737
24.4192985324551	1.9936091426412914	3.030693303715087
-1.402302339920034	2.644495637668269	3.3581524587903018
-17.979957056715413	4.2390096946069455	5.514068491596093
7.385343373235432	2.403529912297471	4.816540076473699
798.2483775124911	2.8927703259711883	1.873256949466271
601.1584874858714	3.635065803593806	2.6496854602575857
52.59924467783987	1.8117180886745554	1.2857103304447992
922.4428602745242	3.93737104546182	2.5737666623367694
1048.8154047195592	3.609432342859601	2.6928108016625436
3089.578028672833	1.417063868536478	1.2514583448014889
37.28650934720953	3.3870536841141945	2.462702865604275
319.0044986633732	2.7298483810717458	4.396508493184773
112.76593732855683	2.7058983210729983	1.8583703153439042
33.21674717501429	4.291149945035962	4.9250125473753865
-13.961780592992236	4.054042665138922	6.3703591473495775
61.84024154280172	0.6659874470757579	2.8881421152852815
1725.822692248349	2.7429067183082236	1.436478310663009
4.619718257757003	2.2291661974918484	2.6083527558752895
658.0925090725501	3.807461926653222	0.5393548235149874
105.22490765200308	2.9037338049931423	1.0248986996506062
358.8078363252736	1.910192649628848	0.06467131481702837
1346.9302895178255	2.9342456015416283	2.4988898957300374
572.538434035392	4.135535006326174	1.1123225483272015
225.419376087126	2.2603003989353985	1.5799281202570925
234.91774670405766	2.433838909283712	3.8405162850018777
13.70859040653246	4.052685734232549	4.993212597131337
-40.67142191198458	3.110895250115884	1.269303304335567
137.24653212124983	6.298535017177575	0.20566924429891442
4.953335670440344	2.7897095140038477	2.0768857145597575
595.6671454772953	0.7203435444832162	2.6133803094458434
2225.3239976555724	3.9344688359638327	3.390866133594716
852.3629514590411	4.711597931194563	2.3347831064123548
1259.9120718783277	2.8742797414714842	1.726791926139187
154.8088207572759	2.185871028473008	0.03166083122354257
459.9598357867252	2.6259922093113004	0.5905190692848205
434.69811243079585	4.636622004349712	1.5331475277550812
-5.348827191750516	2.6766727350343293	2.590248837150315
1.5984223923207692	2.996180629467594	2.9857055815535545
26.49750025165859	2.2727917760717338	2.1285081316344288
5.46228786768771	3.9602332504011475	3.7538515282079814
179.39522060663947	2.8636159498084726	1.0899692864655974
68.5697505530422	0.592489181672273	3.1967128193287766
726.6027053787097	2.96113199983723	3.3383317661561023
2247.1810224714177	3.8041720051979766	3.858408150777205
385.5398003565291	2.6453150840552824	2.666892129143831
401.0809821027328	4.2420938888432	0.025777521517059403
502.29954363599353	2.4468662676236588	3.7401736084027526
271.3191150240347	3.222329961789793	1.9693178830321314
1705.7182669147226	2.0560121568271885	4.657626232401303
879.5898592009422	3.3822652033361815	5.426111212642567
216.78588944425084	2.2077818557149174	6.423717656708469
105.46701825095948	6.6165969273259595	1.8638712613175366
165.79521292861267	2.1305836949193573	1.6933154644089499
586.3235550275851	3.2678972416146	1.4649202598321183
723.2632549309409	4.138536563083782	1.1925074411533632
893.1475009953174	3.901649583796799	0.7857124473611932
353.235106808921	3.073285536168333	0.11684958587295512
1378.5172742890784	1.6726515199849543	0.008840474516228726
1440.9694959395467	3.7196877645261672	0.8898022443912805
215.69005745863348	3.099529018543062	2.7065211773636615
129.6926161719542	1.247069608062382	4.654113025784813
7.560567176597582	4.040942218482867	3.708422689119765
16.360454482643263	2.596757601206109	6.38572240572234
74.98450094480643	0.6574293879131405	0.1751889919667479
143.71286382913706	2.262201195664116	1.6210438291793332
51.84310456453503	2.1369206491462034	0.6160305191618237
1964.5312748596389	4.114448429864874	1.1903855203230485
1144.422478900835	1.1963913791176863	0.911171915297034
1070.9755860514153	1.8846492371228514	0.09235630715418779
944.5956389823093	2.8999357938442727	4.003644764477344
410.7186940694995	3.4443076244497814	0.7384102306313773
362.2664406331808	1.8086352264590886	1.6707648472265377
223.15851443467622	3.7320332595894703	4.652365633908251
-6.004740206431862	2.5643618989226105	3.2333268734093346
220.7028494715429	2.6528912153864947	5.267489827399153
387.5842266961145	0.7578916568748688	2.531478862802413
36.34801124356933	2.395898507907819	2.207360402199494
516.7477667370823	3.217066462731851	1.4542141592641904
1262.281873740984	3.4352838681627174	2.8131364127331624
1588.3161756809686	1.1084986750041215	1.962331299374582
2438.651337626024	2.6679054995197364	2.5672025804433196
2933.2915617968815	3.4702007678438913	1.6931125324742706
97.32470035596978	3.587954653680288	1.1110377546207688
376.1995836074788	3.735769058823761	1.8521750663520402
43.69889948628793	2.671519341068472	3.173142506455856
1094.6478505515722	4.88406606711149	5.262968400545697
-48.47124864166147	2.091922240175416	5.472791621404306
-36.68016574368138	1.7271655760152136	2.1056847341348774
40.76269994535156	2.018779650780546	0.8966965528292942
40.94961206799572	2.1267331947540273	0.6415581288527006
659.1830214420468	1.9188189702875973	3.219840659209983
201.9444790732436	2.044677596630555	3.914061192496098
492.76462773370105	1.5420182435505154	1.499289294297382
1845.831989615531	1.4935639575326936	3.7921405709220255
545.5326589004129	1.1303603491718988	1.0751281967773574
338.82149260887195	3.0697141538119586	4.0636003045907
2.6875644918187525	2.4035895537944594	2.8407907490215223
-1.6038065669753339	2.6999163802464694	5.064707755764793
-48.923794791780246	4.560224768475945	2.1373548739050205
207.28643954868573	6.442741421421923	4.041698852249437
29.619762091471532	2.4697284093758123	1.156794023670405
82.59348157094516	2.105635222295486	2.571934838136493
1070.5608298358293	2.183801876761049	1.088844868905645
343.4291398681259	1.0781736583099282	0.9515818693417574
3181.85674545333	1.8813146713192481	2.5367040482890295
938.244388903353	3.001893713525479	2.8353835091722384
240.08729143755664	2.633400868373696	0.6164349038777543
-14.76370835061271	2.776810491081463	2.827788394257995
317.3471573111951	2.042229757169073	2.2594843525953374
30.302099466644886	3.3690423121954516	2.324880056960569
241.29826610306046	3.158569818563929	6.34555896792165
6.097778557884963	0.468022954954204	0.6548331056001201
508.8312472222325	2.635588725342819	0.0922697519622972
40.03367384433985	0.48612749589337617	1.9704911723145258
1131.119889085403	2.202619244764463	3.3875260077649405
381.3089617759773	4.1975025598965425	0.17667720595477357
257.9906871549051	1.2046297004244175	2.555137809478004
1085.8228572597395	2.0414045701359274	-0.05755909167114239
94.91903868643911	2.546511937114791	4.585072308662748
408.3325688322674	3.3496333098554656	3.785185989416286
1383.816035986138	2.0181672937602086	2.8087771764548513
441.1238496936737	3.9723270732330365	3.578663998835038
-48.71914982364562	2.684774433389616	2.160330852517329
-49.20234980120527	0.48147975389721853	2.226782136751998
590.2820725151489	3.8310857652769057	1.2691280850240432
1665.4286287150182	1.4225404774254893	3.9865471294499106
139.96043455336388	2.170547477781964	0.39396555635245994
23.95124778051217	1.5771209458622508	2.0480132914749807
2604.8142147693156	1.891611441216391	0.049501497589868215
547.7560349008738	3.13593498794191	3.270458430013721
1047.3465825430753	1.768890835530889	0.2789988121684699
1358.6614949666255	1.3640846005266725	4.257390129905499
0.19493520860512617	4.510213897774829	8.693058373398078
-2.048512549409263	2.703795204300798	1.009898317585705
884.9423170843988	4.713840016171879	1.844934809214346
10.266960604067048	3.8120279336314153	3.3656687422644582
75.17264054410279	2.667867833675917	0.840445568181716
585.2235360475986	2.4915892204694083	3.062286735798755
122.60872048291002	3.6563056341211024	3.5135999470861345
1619.113772594761	3.726159912041583	2.218289777941602
263.47058444346004	3.9530069294798897	1.9045720332698561
945.5586575998528	5.554407961547978	3.007035706144105
134.97096515523936	3.193912893985072	4.6284400309159475
1003.4555634273638	3.248144108976146	0.6861980239432148
-5.020526122801649	2.0360813010197365	2.6679780049304065
176.6069661283116	3.798922011692598	3.04823082790651
154.6925905912774	3.472916045873333	1.4458036763917883
365.1454816281618	0.640358986989796	3.4663331300028135
15.140168379811772	2.67762016664208	3.381720814029925
138.382538277339	2.1833733896054923	3.493555617657796
69.46224473538393	1.8066551413982224	0.4398111932657875
1890.6403391722463	1.298745097816022	0.05663482840190149
503.0404638753187	4.285247339202054	2.6600000596694637
2950.3164047022315	6.482162008209917	2.426056804538725
407.30854292877535	1.1089963866852466	1.8115480169858904
1408.2919692952821	2.397783820914797	2.8588305590144762
832.1774909663353	2.038969523215968	2.2439375239334907
0.8878501449188221	2.8771294797331524	3.3233492257087733
257.74445944366715	3.2492045632868733	1.8464404626847488
578.9673349194582	5.846826005378875	1.4398697667706801
15.726653727897062	2.67771531317084	0.8583724632458514
0.9241208837252078	2.328402963899028	3.2947501688223
1356.2525737982962	2.5175532019969014	4.862201256195782
801.9351176051276	3.1953899820308265	4.1018719242179165
225.54653543059047	2.0288368950527023	2.482672313401623
2943.221135907644	4.291099693692676	1.8870974692317843
515.1131361405413	1.0983218275497644	2.8822255170190236
120.86802288076872	2.626370425349382	3.74083732252684
452.74367813448714	2.5167640557759747	5.761654399444052
2.8154368248663797	4.268983105481939	3.3933065057948197
1062.3377952600972	1.5860889634496995	1.7176630445730718
86.7759332224544	3.5350071565371524	1.5597755194044647
20.05493304313991	1.269758217531511	0.952785426765102
1934.9573225593676	1.939297713440884	3.4270819164252075
125.51837884767205	1.811532817721474	1.963670750252804
113.94472551637872	3.5629946147225118	3.3309799973079084
700.9078286386756	1.9457452211565134	1.930889235175958
312.3264815594776	1.9191967263515282	5.49269900834277
9.187816672212268	3.6207183002973435	1.0993280473623381
213.47674552264482	2.0489538829127185	0.9791079563642507
281.4522554380381	2.1491960596979696	3.078179700593667
179.71415139844694	3.9221330481560064	2.206673166253841
164.33081706636187	2.3145605658587183	2.13390956051052
87.23125251534259	5.668620917666226	0.5005290471212426
4.376490412063708	1.6221692176157663	1.827210568477193
134.68689776309435	0.4574013811740781	0.6257599277773112
277.34933353742986	2.7288838564627307	3.3596117693967513
2268.6149619693674	1.5832110643529982	-2.864010380670464E-4
350.0299357295692	1.5684993358742876	1.9729915687172317
88.62477321259988	2.1463865514991007	2.990468190210011
256.272456533511	0.7431536734908561	1.0749435694455325
220.32220541566315	3.5400444888379003	4.3283981758716115
104.67977549859368	2.7581251963916547	4.094652614516752
-3.8169804804516767	3.2737870202979287	3.3265110274220517
17.68126557079799	4.239037303976394	3.6180202360215046
130.325154330388	6.19436390885156	1.7847104900400481
-3.4439571055065286	2.532860642102655	1.2508273034036284
274.9584122198896	2.8688356668929105	0.1423357868018994
1132.2701561579267	2.450039096398002	1.2144836435321922
248.74325864828293	4.2758410810857255	-0.037588154319059514
249.48120958042463	1.2834718880347946	0.44209185443133764
76.09399079685002	4.269976104727877	-0.020584074649103865
154.90610251697606	4.336159254165829	0.222692647184506
151.33073141676675	1.3209376982399101	2.9166125977361657
69.21024180056678	2.3169130650609167	4.159227728573735
161.9000860234214	5.013560114731691	2.22164944518409
55.97056148067056	3.942917248803835	0.473252162868534
-34.55726337097733	0.555343069285188	3.9088721187787527
17.3102631839525	2.393241368466296	0.06526260161242027
2253.6529078179387	4.024559178024638	0.18721530877937986
34.85803894007755	1.9518676905855845	1.1499095674298616
72.12477628820335	1.564571939219002	2.382302800957098
2187.9459024070575	1.8854099214248563	2.196750424603267
633.6690170721855	3.4636671890302764	3.8302187038904707
941.019328175037	3.615388697325434	0.7029974505880968
76.58317059696198	2.897603106292563	1.6689003937165459
615.5398709935735	2.411556185516891	2.7500174851320804
13.985390196130995	4.268931088831121	3.3460083876266324
59.62197350718256	3.6568628059913855	5.211471964885655
240.8869773267661	3.893140290408533	3.782969888408791
-13.84576947361353	2.903231147293232	1.3779651046941073
80.19338672176431	2.3212225697338496	3.640657112136948
374.31434950511664	3.3809166743549666	1.9657478014563619
288.3258804787086	2.975499994415902	3.697842523050209
571.7279477922663	1.8603089666868793	2.2057974055860052
2271.369059476281	2.839419673271519	0.8413972059915811
97.37079698672476	3.7006912033997508	0.6331463947422404
288.83356984776424	3.3950228909771902	3.9332395878862503
67.62189811773649	3.727352202585367	5.001125946357536
25.68591588836358	2.754328863643944	3.470222412760318
156.36857422437873	2.2745140245524254	5.555916275200875
-0.5018257539585282	2.4285583288413104	2.039174894749794
4.786087188632359	2.85490264000621	1.301671774770029
56.56874538684556	2.2222546341384466	0.6126300689671896
54.3151114358792	1.8653895249858599	2.982640463167294
794.7755376522852	3.9108521518826773	0.9218723231856917
1234.7292191255356	4.166096594726216	3.162340699017537
3064.0851367051473	3.23747781126354	3.2204689068239514
142.3855865037807	3.6563732398280093	1.0851748407593975
45.31165280515633	3.2425966523243948	1.7134113253714096
603.0779398287519	3.693871032843957	2.275207591156302
1099.281760802455	3.614913053895291	1.0553970046397947
20.177550612958402	2.2210371624532863	1.8949658202818267
15.743844373837732	3.9975537908835537	0.6480798035152522
112.15779838464624	1.2485281660335432	0.07788233583888184
134.712995614126	2.1669818236166796	0.5357543061723751
201.16703263538255	3.840202024020973	1.1570657540797868
143.36506296428755	3.3908103299028753	0.8623650759389887
273.26895674967545	1.797998033962955	1.1709553755675122
3243.4740585638497	2.953773449909583	2.684718354559431
518.9069303636513	3.0780599884530955	3.513150777687364
143.13612402315482	4.198490514614321	2.920640323413772
1454.3201514242412	2.307724049655719	2.2433884747329627
112.49598388176827	2.551126345127509	5.10621180587889
65.48980249973769	4.1433323199300105	2.0065427834125256
102.43510938066356	3.2547758214635953	1.7114167618659468
756.5335662075933	2.8471814642410402	1.9937576375247428
80.56154381349462	3.5193247743692764	3.163195553664345
277.14407905582584	3.418620573745973	3.7312346148620463
127.43078158979918	3.4720589547501186	2.0646829686541475
2156.5154466063727	2.986719226822341	0.1920316776061503
903.4668647400201	3.7422942062044964	3.002120789113607
2658.7327189346624	1.6234003672442738	3.7515933101756818
134.22963215785873	3.1981439579223694	4.421021734480569
-5.341113720702729	2.5018810800803335	5.848489089152364
324.6333347904425	3.2286349440767195	3.3565410774537554
25.809498591204576	2.1806013279910172	5.726826660541068
246.0764483640877	0.5248528358750414	1.9044047922436862
98.68985726981359	3.4729513579490874	0.10879744297423899
275.0893074007951	0.4880132953919407	2.205614270490987
50.01325862965226	3.983218670784995	1.170285581011514
86.32542437663624	1.9049246630556669	0.9980770907414247
1695.7511146731463	2.547281749664736	0.231554044337365
1042.1074397567695	1.3864873748024102	3.553743739585556
166.27390148387343	1.7753814390456366	3.437352601588532
209.2522803992474	3.1445664199174845	1.7404185211410286
868.2694022043227	4.581547485175411	2.693676735354442
148.2450958894116	3.2178684007089147	3.2889451826763305
238.44222854503118	5.046549977236581	6.178062821143564
18.334585803631935	3.937660690746162	1.6788637581225185
921.9972225720385	2.8586888074163994	2.2812527682737613
29.35021865489654	0.7499758907223613	0.5902208992282785
50.55919195278	2.479339965708672	0.38415267984109525
258.52097824019455	1.4457287507148633	0.8267378388715201
