Flow 	 Preci 	 Evatr
816.0	2.03	0.97
2394.0	5.09	3.75
3144.0	7.49	6.64
2366.0	4.49	4.02
1499.0	6.44	1.67
357.0	2.67	4.25
71.0	1.67	1.01
59.0	2.25	4.11
-35.0	7.25	16.67
98.0	4.48	3.46
331.0	4.8	2.26
1757.0	6.47	6.19
1884.0	4.64	5.52
2558.0	5.2	4.64
3177.0	7.66	6.85
1981.0	4.48	3.45
1079.0	6.02	7.84
221.0	2.04	4.78
1006.0	9.82	13.04
424.0	2.12	1.01
25.0	0.55	1.64
76.0	2.93	0.78
53.0	1.35	3.3
339.0	2.67	2.9
1039.0	4.61	3.84
2497.0	5.37	3.34
386.0	1.39	1.3
87.0	0.46	0.2
248.0	4.79	2.68
-4.0	2.23	2.08
103.0	4.68	3.34
566.0	6.39	5.56
101.0	0.33	0.32
31.0	2.85	2.04
2565.0	9.97	3.82
742.0	1.39	0.7
340.0	1.32	0.54
453.0	1.87	0.03
1120.0	2.98	0.0
134.0	1.1	0.18
149.0	2.73	5.76
-52.0	0.84	2.77
24.0	4.2	2.48
709.0	6.99	13.27
-21.0	0.53	0.62
-38.0	2.0	2.34
63.0	3.26	2.47
610.0	4.1	4.52
1919.0	5.88	11.23
1908.0	4.23	4.98
2274.0	4.54	4.01
1776.0	5.46	7.38
305.0	3.08	1.51
103.0	2.48	1.48
31.0	2.58	6.79
-35.0	2.71	4.48
194.0	5.83	6.68
-6.0	2.65	2.2
79.0	2.48	4.12
241.0	3.86	3.45
784.0	3.35	2.03
607.0	2.24	2.5
259.0	2.09	2.48
400.0	3.48	2.02
229.0	4.97	1.67
48.0	2.43	9.58
11.0	3.23	3.47
-3.0	4.12	1.8
85.0	4.79	1.8
172.0	4.14	1.9
558.0	3.85	2.71
148.0	0.76	1.18
340.0	1.7	0.67
2218.0	5.91	0.59
3239.0	7.06	6.39
1743.0	5.61	7.17
1457.0	4.42	1.39
723.0	6.62	0.47
981.0	7.3	0.0
1151.0	6.3	0.56
239.0	3.96	0.0
904.0	4.91	0.04
622.0	3.09	0.1
1247.0	3.12	0.0
1310.0	3.93	0.0
2029.0	4.32	0.1
1079.0	4.17	0.0
1409.0	4.42	1.1
1565.0	6.95	4.06
195.0	1.14	0.0
57.0	3.67	10.38
163.0	4.67	6.64
-53.0	0.46	0.1
501.0	8.16	2.26
140.0	2.08	1.48
613.0	3.78	0.44
2084.0	5.15	0.0
347.0	1.31	0.0
1728.0	5.94	0.0
529.0	2.63	0.66
219.0	2.72	2.06
62.0	2.03	3.02
59.0	5.35	1.0
25.0	3.13	0.32
146.0	4.96	1.84
18.0	1.93	0.12
36.0	0.98	0.12
123.0	2.73	0.0
1174.0	4.84	3.84
575.0	2.45	3.34
978.0	3.77	1.3
497.0	2.4	0.2
148.0	3.23	2.68
325.0	4.67	2.08
198.0	3.98	3.34
119.0	4.19	5.56
72.0	2.35	0.32
136.0	4.54	2.04
747.0	5.08	3.82
724.0	2.84	0.7
1868.0	5.13	2.03
792.0	2.66	2.5
3718.0	7.57	2.48
2403.0	4.99	2.02
321.0	4.32	1.67
20.0	1.65	9.58
0.0	3.22	3.47
-16.0	2.2	1.8
5.0	2.68	1.8
28.0	3.27	1.9
136.0	3.6	2.71
398.0	3.69	1.18
784.0	3.99	3.18
1213.0	3.31	2.54
2704.0	6.9	1.85
508.0	2.57	5.49
115.0	2.22	4.92
55.0	2.7	9.64
201.0	5.66	2.25
136.0	3.91	2.13
-19.0	1.49	2.75
190.0	3.65	3.42
83.0	2.38	6.25
58.0	2.38	3.41
843.0	4.25	0.0
1406.0	3.82	0.1
1187.0	3.13	0.0
102.0	1.18	1.1
156.0	3.66	4.06
1935.0	11.0	0.0
496.0	3.97	10.38
153.0	3.23	6.64
13.0	1.73	0.1
1178.0	8.27	2.26
1295.0	4.77	1.48
700.0	1.84	0.44
1682.0	3.83	4.52
1341.0	2.33	1.92
1300.0	4.1	3.0
864.0	3.63	2.75
837.0	5.03	0.0
230.0	1.89	2.29
164.0	3.5	3.27
402.0	5.28	6.28
4153.0	13.24	2.16
819.0	2.91	0.0
597.0	3.32	2.2
1331.0	3.82	1.15
1151.0	3.56	0.0
1533.0	2.89	0.0
1089.0	1.92	0.0
1712.0	5.65	0.66
376.0	1.38	2.06
371.0	3.63	3.02
273.0	4.26	1.0
-47.0	1.31	0.32
37.0	3.77	1.84
47.0	2.67	0.12
285.0	3.66	0.12
312.0	2.66	0.0
3006.0	7.91	0.85
3393.0	5.13	2.41
4393.0	8.37	3.59
959.0	3.74	3.89
373.0	3.95	2.79
114.0	2.36	2.61
28.0	2.83	3.24
31.0	3.07	3.34
80.0	3.82	6.91
37.0	2.99	1.36
57.0	2.19	3.3
278.0	4.75	2.96
1598.0	5.51	2.32
480.0	1.9	1.46
919.0	3.0	5.51
859.0	4.87	1.09
214.0	1.22	3.78
110.0	3.28	6.78
34.0	3.28	3.29
201.0	3.48	2.15
5421.0	17.8	3.25
607.0	2.67	1.2
296.0	1.59	4.23
419.0	1.74	5.7
1127.0	2.48	4.52
1579.0	2.56	1.92
941.0	3.2	3.0
1372.0	5.66	2.75
441.0	3.18	0.0
281.0	3.82	2.29
630.0	5.34	3.27
455.0	4.78	6.28
279.0	4.42	2.16
-9.0	0.08	0.0
91.0	2.03	2.2
148.0	1.85	1.15
160.0	1.98	1.22
473.0	2.91	1.87
1986.0	6.28	5.78
799.0	2.6	1.16
121.0	3.12	0.44
332.0	4.59	5.83
326.0	6.46	7.89
247.0	2.71	2.03
82.0	2.33	1.41
-7.0	1.41	1.24
4.0	0.49	0.91
74.0	1.92	2.04
568.0	4.29	4.83
210.0	1.02	1.21
333.0	3.01	4.24
159.0	1.57	0.54
-11.0	2.02	1.41
-66.0	2.32	2.29
-3.0	2.87	3.67
56.0	5.18	5.84
99.0	3.95	1.81
1814.0	7.96	7.58
1026.0	3.38	3.43
1965.0	3.32	4.07
658.0	2.13	1.8
2131.0	4.77	4.29
2953.0	6.71	5.17
2923.0	6.29	4.54
1617.0	5.47	1.65
973.0	3.15	1.94
882.0	6.48	4.9
823.0	4.28	9.7
646.0	5.77	3.48
189.0	2.87	2.97
268.0	2.18	1.49
1092.0	4.12	2.84
240.0	1.2	0.92
961.0	1.99	2.76
403.0	1.54	2.28
479.0	2.32	0.91
289.0	3.48	3.1
67.0	3.65	4.35
179.0	4.68	3.81
995.0	8.72	9.88
535.0	3.95	4.43
183.0	1.76	1.42
585.0	3.25	3.14
707.0	2.11	1.85
857.0	2.87	2.31
636.0	1.91	0.25
1463.0	4.34	0.39
589.0	0.74	0.34
135.0	3.52	2.75
141.0	2.66	2.8
36.0	2.44	5.54
17.0	2.15	2.14
-56.0	0.76	1.24
37.0	2.77	3.87
132.0	4.39	6.73
688.0	4.98	7.14
368.0	2.67	3.18
343.0	1.84	2.54
103.0	0.84	1.85
324.0	3.79	5.49
131.0	2.87	4.92
1259.0	7.2	9.64
516.0	4.37	2.25
16.0	2.83	2.13
294.0	5.5	2.75
179.0	3.68	3.42
2360.0	7.53	6.25
630.0	3.42	3.41
1082.0	2.13	2.44
586.0	2.11	1.49
1023.0	3.41	3.04
1060.0	3.54	2.75
137.0	2.7	1.91
47.0	4.28	4.85
-25.0	2.56	3.7
-46.0	1.47	1.33
-44.0	0.92	1.57
86.0	4.55	5.68
1.0	0.58	0.53
186.0	3.98	3.06
101.0	1.52	0.85
221.0	3.26	2.41
887.0	4.81	3.59
1114.0	5.82	3.89
223.0	2.92	2.79
81.0	3.73	2.61
174.0	3.17	3.24
252.0	6.6	3.34
1930.0	8.02	6.91
66.0	0.85	1.36
230.0	3.31	3.3
990.0	4.12	2.96
736.0	3.21	2.32
298.0	1.54	1.46
2357.0	6.3	5.51
542.0	1.98	1.09
197.0	3.93	3.78
638.0	6.29	6.78
30.0	1.94	3.29
26.0	3.43	2.15
117.0	3.64	3.25
17.0	2.18	1.2
1787.0	8.49	4.23
2768.0	8.13	5.7
1546.0	2.99	3.82
2200.0	2.79	2.68
835.0	2.71	3.1
185.0	1.06	1.63
1060.0	7.08	5.78
130.0	2.46	3.04
40.0	4.07	2.07
30.0	3.2	6.62
174.0	4.75	6.05
78.0	2.49	0.88
18.0	1.05	0.78
107.0	2.77	1.43
110.0	0.78	1.15
237.0	1.72	2.05
621.0	5.37	2.81
404.0	2.9	3.2
342.0	4.37	3.08
-19.0	2.81	3.72
-8.0	3.43	1.78
-15.0	4.08	5.14
107.0	6.02	3.85
41.0	2.55	1.99
195.0	4.27	3.14
245.0	2.54	1.4
155.0	1.58	2.04
275.0	1.94	1.97
913.0	3.34	4.2
125.0	2.73	1.48
348.0	3.58	4.17
25.0	2.08	2.56
50.0	3.87	5.27
141.0	5.71	2.71
465.0	7.51	6.47
57.0	2.8	2.5
1.0	0.43	0.59
250.0	3.43	3.0
854.0	4.0	2.65
980.0	3.82	3.54
494.0	2.22	1.57
614.0	3.75	3.31
995.0	4.65	3.34
1348.0	7.62	8.36
1262.0	4.77	3.41
268.0	2.33	2.24
12.0	2.49	3.45
5.0	2.69	0.79
86.0	2.77	3.15
1000.0	4.75	5.24
1916.42116393618	1.91247133231811	0.09699644264817404
1121.117277770475	3.0187601033171907	0.9346895361879398
1373.4117869442716	2.4551082738799574	1.1260785214212372
62.195678960329744	3.455248793147854	1.662187885852552
853.876910380753	2.429414662860974	2.8223034903878483
707.8650257070328	4.938205168254157	3.9729673337305136
282.59297277974633	3.1564846286183275	3.328216963509814
85.67724566879774	3.9175225708132753	1.805091844237062
669.5511234282346	2.670819494641001	3.487723725564418
809.9705167016538	3.6482408275467337	1.1564049633908806
2596.3466355885357	3.8216030721541845	0.3976864428691795
7.874382236366583	4.1466687954840085	0.08829388663584595
962.6999945991505	3.784864519802284	2.456588408894059
2502.6031797691185	4.8324713065419855	2.437719521368054
521.7997279118755	4.030434088912426	3.1805749217936947
1521.935327666733	3.1737950838924465	2.0118813197643153
106.85199883058597	2.4127784502451632	4.310704276931481
80.25026962963318	3.6736541920567314	2.7918252730933775
0.07024063119158505	2.1618303956931606	3.7655768084374546
101.82629715179405	4.032776574617396	0.7025566497765714
37.85319639261281	4.467396934815229	2.2554477107181685
246.97006745801121	3.278947016324072	2.176862698496039
699.7076537848812	4.0901556554981795	1.6594751394307912
1452.6820357967058	1.500723882389395	3.142790550279578
588.1785042488674	1.9324383061144133	2.778827496605001
1934.7838928221972	4.255619355828273	2.974727890774258
1500.7168668799495	1.0880298115043057	1.111454687609705
139.43527831459866	2.775990127165181	2.7127947453228245
1177.2195166620706	2.0564260442875644	4.675053679008371
688.3767554064082	3.5224246598845608	3.2779031035590043
345.85210586968174	2.545740198381705	6.535047169807531
105.66491847685059	0.8527341737473237	0.5187730147549265
-13.839664878440683	2.4363184164625893	1.8087954722351827
0.49781926578902064	2.358946482481043	2.243648334470446
71.61417199393655	1.8559481142261425	3.846863211025889
1872.9352703488432	2.2749391828919814	2.034435877512687
274.72813524740843	3.111100555480348	0.060657413308134844
3903.5351612252866	3.0036993340963405	2.4399439027538357
1615.0925199173716	2.5105866839054607	0.5841229438568556
1257.3362424086572	3.466024797949347	1.5561231006925518
1006.2101615878598	2.652227438646794	2.637200921032161
28.86235340575176	5.117114341572687	3.308676436314843
159.81942278818968	4.321546562300711	1.2623316851177135
-25.534929935017352	5.856631547281572	1.8089448909584596
180.9809239571544	1.849178029844539	2.249953554981454
52.4104305704669	3.2597806906192224	2.5666558634794296
398.901727197836	3.82508817722817	4.009000806549293
1180.6845089465983	3.3502247045253655	1.322555404143228
2854.3485822958964	1.8495954047856225	1.7287479072306222
1856.15442538591	2.0687490769233254	0.16139985549225336
1476.2182402361782	2.6483333424207363	1.8918547752286834
219.2859161070535	5.677690657376827	1.4141486875173737
12.314666175371892	1.8828427002327013	3.8993479159965916
37.87204143367106	3.3436887182245765	3.3100513092826516
120.13903190790029	4.1752348686401515	3.4787189757458687
241.00695815525705	3.869616551773799	1.8036634330321246
39.996198607439844	1.6726549858784008	0.8506729730968726
2164.3308088726876	1.4195825872151884	1.9997901355153598
721.2860996664253	1.853563796106608	5.421483997713177
1574.6781189785702	5.105085726086072	2.0774309351108378
509.789529996109	1.9808371543820036	1.9200495742622408
3258.92665277164	4.305712456972889	2.3737015508688177
1899.2986001828467	4.952007407693714	0.29479099786499574
130.78423968315445	4.909358656399282	4.252692138042552
595.6202439489387	2.672555418741101	2.0796725121623774
29.666056448468325	3.1671187357659853	3.322341597924553
1121.2802174177323	5.365147668274136	2.1034854844359825
235.94245544603547	3.8582125331407973	1.5143368353854278
443.5108752066332	3.4627120861911216	1.2316184249103264
51.29853711601095	3.2705512003577004	1.2903903039232585
992.017423573549	2.970564106389559	5.183370879790247
726.7246905778612	2.775747502254783	1.0931778661372311
268.2706982571845	2.467159989014863	2.012294187352253
1074.6054852325265	6.256748426167998	2.9942489648280595
176.97831781373984	3.3560352442592283	0.35314712278886873
147.78355629478983	4.71389851391694	3.874328733504616
3.3394623375239902	3.6487950957181363	2.950706552586741
204.69121162258048	4.37388194925655	3.3837898012198773
-4.138834877017042	5.46577075216276	1.2761310119334366
400.41503689885155	3.962866269538645	1.5049616054722708
78.67020315529601	2.666783486867468	0.3801508346167839
2123.3320203643934	4.467202401236607	3.2970471204875627
686.2087320461934	2.8367795423022453	4.3051788673529225
486.1609636576585	3.958986726671585	1.4026120077529516
792.3463890659502	2.020896479138129	2.476940155077248
1031.5611133504449	4.737827800368847	2.3723161884515127
895.5882527787119	3.5954522368702575	1.837175575040926
140.5806897410304	2.0370771145499056	3.722407439148579
64.421529415327	1.609807652901602	4.971826881134491
350.69764119032936	3.7562607034128543	5.768281446346424
154.92007806363384	3.1717444663507726	3.8071303732034405
150.78026933833115	7.469900328231242	1.8093130968133428
174.61124769154688	2.1094107267628006	1.2315941251296445
297.08359563369635	2.6662767406536956	2.0925802264049733
756.6448428381507	2.775096452184586	3.3784121368425954
687.8931404116145	4.314064009197243	1.7796435260766874
1943.2530393269424	2.6409682748298025	1.9264678836750608
2557.850308289911	3.6729716407993394	3.740648879934173
137.52911644040233	5.6004310044085	2.928596491331979
139.18512877165875	3.1886860817818543	2.9808008115188236
-20.358779486143415	2.288145034874684	2.1545841316648238
58.0427869599884	3.5792136834575285	3.318126507252938
134.58755028728746	4.735339838981209	6.392969848247098
107.48848442176396	2.3613491505834716	3.536387364409693
-3.180893616635833	2.66137865404927	3.491625171585787
831.8089651363451	4.71030558962374	1.5001842599142012
133.00999370767815	3.227784984226514	3.0166899988685043
1740.5869757816433	3.2363304374403716	1.4124645398093485
2507.916471099441	2.3370255595911855	0.05406639998590389
1605.021792400084	6.359086315514317	2.234357840472647
834.2037186924347	2.8692763182815995	2.8194495587235857
217.0141927983421	4.130778745552465	4.126382838749016
-25.650171996686204	2.636661155218532	2.9460461760168704
536.3802158989284	2.705008327109529	1.3041248367484555
68.97004188686832	3.7527725789876403	2.095082793657936
81.70627953361222	5.625973431918104	0.9116446280931219
-2.4068190546220825	1.5961360324540512	0.7765592331442416
296.32823011744034	2.466439705516227	1.5061417442896934
1019.7714333814729	4.574542720474145	4.18425845843526
1821.3596163035677	3.2722718777343327	2.052365866389108
2281.1710025872694	3.947496353570537	2.8470517970567744
3169.715358487185	4.135665345295861	3.063179879331913
1273.3794996029899	4.624938208417917	2.8119192525431482
1546.269056883535	3.9683323717314654	2.7144924339402117
194.83863090029155	2.4436012429992395	2.044922527042515
736.3454453988197	4.081400056743457	3.314302085487068
854.4307459692347	3.1771205042319415	4.4037804637216365
1505.1885957625798	2.353474510968704	2.0307096006740375
19.894810108623258	2.782297478626552	1.3405227328433065
1651.813359493752	1.075238349248189	3.3007895564728846
1059.3497861947847	2.4972794218120127	2.9745234737006148
556.3350445306169	2.840131820025	0.9118586791123039
235.63214162372446	1.9168550552107022	0.09775572374929994
1791.7620217867518	4.463699753270149	2.1401319160143406
440.63916836924994	2.6898774295129133	1.1270056679440577
381.99575659353735	3.062892421154301	2.996180327512732
171.51675646403388	2.3250353204208833	4.11186243009817
25.695057648333684	4.180782639382431	3.7118174227757703
146.04255344452795	2.3298287462232263	4.8669668439078855
205.4769003510932	1.9804867256648357	3.378469404013715
-4.980471125089229	2.297991007444699	-0.01645278907110019
78.88134410156624	2.1733764533898845	0.17499138186754248
1208.8816303196431	1.7804048218598512	0.26007416340074435
1111.2592770323818	3.1874743670799885	3.018772804409069
599.4187340949427	1.957206386217796	2.696946030911782
3209.1128809460834	4.3853563181280855	3.0157163610004973
357.5100836821037	5.1504590848393415	3.059520979332865
313.47012940499474	3.7573508373207343	2.9485413590550498
51.986349823422444	2.4521846660612927	2.6874006541864754
183.14129267057132	3.9590424878817645	3.414129140455449
117.44920195957698	3.1786347598432325	2.139268309015714
81.29250143751707	2.315120742614485	6.483794881042182
81.23433379486283	2.9782071352146158	3.162388281833721
141.04561711535115	3.5851098314950334	1.5294632316633674
251.1040563187586	1.7380664479595946	2.9491645224266283
599.0326994986843	2.1244947044487694	2.3072131195636287
1197.7309485347166	1.720047160890863	2.473797151574237
435.7512852299453	3.2272006610705777	3.091717750306972
445.72039853168513	4.852109133362829	1.1140892723617672
315.57818803938113	2.7175948564955346	4.2841344294328305
104.13251435519985	2.6207053984249082	2.641851753509031
209.88169906142636	2.574582392990621	3.3035342717712073
1149.5111883977906	4.0228913747134785	5.647362378999798
7.876153261456952	6.638948621526179	3.27091059051226
756.3762798838686	2.141630362184372	1.1965845271604674
616.2786018192617	2.4276984804042763	3.2238075519989264
141.64253264418323	3.7301361925870653	2.9962235692788592
1128.358914909156	1.5144495502956152	2.0331507740246613
18.044862830270784	2.7179752098838916	3.142722687553656
901.507749712529	3.4057923804477634	5.648584084707781
109.2079800128918	2.7863795352681855	1.1114164999372005
2.8155127442942915	3.476084470110267	4.471088173282293
194.9103863205695	2.0331031585812536	3.062354594037519
38.90135289609266	4.58938333156946	1.162457934266298
907.7403818505373	3.1080137913857873	3.8004988194008007
138.74548664773846	3.9019042710700655	3.653438777353084
-3.04435010254171	2.8521005218420075	1.2061842247859809
8.696820042846085	3.1997731760134878	3.647946409884291
298.8762139468683	3.742726927610836	3.050713519741226
1394.0621274082712	1.618378215712953	1.5031251626862203
493.9544209333234	3.2771566331092448	1.8944439458003337
547.6326917539633	3.0110859549168847	2.88688004895059
545.5357344864243	1.023963864676675	3.824349318817367
146.1875331829047	5.315777806777588	1.1060401296141542
380.57031482999776	2.7269974665214396	2.146238605619534
168.31467830979935	4.010197444867249	3.4275157611313887
120.7550447153991	4.774293829186003	6.299764270984042
40.529002675022	1.1759451853463208	6.402907236941919
171.00170680963546	3.448482386227525	0.6238271288133567
45.45636208144671	1.4903848497923788	2.287897843078755
250.76706121293512	4.487334099356879	0.5953011530096662
2070.234228843232	3.9858919212565214	0.5975131094744509
132.42214814539872	1.885664490065152	1.7129317431423312
427.5359377050914	2.1073062442950756	2.0342710305761855
1007.616543269982	1.0905293751400547	3.515504584416051
-3.9328976337911565	3.7609439825386075	2.5973156113217164
75.52888790839883	2.1839328965936087	4.678101230363281
-1.1087353506135298	3.2359439309413665	2.2716739892854463
887.5530256919914	4.203871200872282	5.644313688662182
476.40562099277975	1.0738150772608255	3.3488391798224395
69.61935674243358	2.7393818470885267	2.2910904010540882
1.124937111272905	3.5209061766269545	1.6066166684625334
1460.5997770625831	2.7321549387327404	2.9421354099836767
1846.4143682605093	1.5838053160205494	0.7659554355307826
551.6466698823764	1.6084579831613723	3.029631951777103
588.4472262586988	6.5534561542256675	3.624256842833358
419.41973001321946	3.5452816900330113	4.640939987135174
141.2973164086696	3.8750113845177205	4.212930193339147
70.15598244678323	2.3898281008111413	2.243855534373049
-0.6395643986912392	3.463028401133435	3.803356205153376
238.96881604116723	4.725271747856975	4.772357152114291
-24.110461410502705	0.6098312477926563	2.9250702545144973
82.11404310391332	1.9982714264975086	1.1957787280075478
240.23196497378876	3.420329376723958	0.6044529927741124
519.3177851139574	1.7028931742216824	1.1583212259974336
637.5634922458896	1.6008224758162266	1.0038822418909503
380.9479532716529	4.1684022525696385	1.4509284529629296
888.0402526912665	1.4469617253238578	0.4119479648769965
2540.81228112841	0.8454533626659321	1.1995170696172703
316.9425466053105	1.8111756182461438	3.877698559116651
305.0853576120778	2.66088449663712	1.9175690550399285
588.4207813999963	3.404562507234661	3.4204067439923582
18.7733269554822	2.59768633267362	1.6918085701048886
-28.64971769299587	5.669697820484715	1.7955994387096128
1545.732077513666	4.251602782229964	2.2535639735429824
130.86309186220012	3.308070583341309	0.3413150262437013
499.8534877964661	2.72004128278443	3.0340354606793447
779.7951696709368	3.1098230138996534	0.8914638016877774
501.65110972061035	2.477551138365209	0.07925302191869325
324.2967777992992	4.836429769441833	-0.05139068903372321
68.44447438603731	1.9545579917474991	0.3062424179736078
-8.532797545113542	3.5247202268005955	1.1273777196568777
6.005932133188328	3.9205037119122705	2.106415568793094
1235.3685471087	4.032515822552023	3.3449842906559413
131.2583818762911	2.425579427128572	1.8649328124899958
226.76100860340253	1.8342885395300894	0.3996246840192444
175.2112295719545	1.9666964231953603	3.5039935992341813
278.8670705039561	2.3758158684484285	2.6591725732729445
126.47425400980711	4.025768773610116	3.4504043871926524
986.4226730021122	4.065205455816737	2.9530253159985893
512.8058655733699	1.9168913651621677	1.3516767404665004
2491.989948142908	6.359384987538123	2.425761832135235
144.35824268211041	4.465526074600099	0.3402761653651145
355.7612561532652	2.6349645659503307	1.8369066026381184
48.42398257554514	2.436194370271282	2.5870674082561225
196.17188040009472	3.7682362333230897	3.448865381717978
414.841215636339	3.584001314494322	1.740756166825439
3.0462801068100998	1.998294945035973	1.92377800963802
241.8233857333115	3.6740513103723473	1.5116963669205346
187.37667975766638	2.0977425718357874	0.3634006053104327
143.4751065565703	2.588066763237341	1.7612380450782648
1796.383060396948	1.2577315460260514	0.8174078902960956
559.1801673415794	4.250070887765787	1.4622847998326383
889.8582434662657	3.3094843216966723	0.027840325494721888
162.5170901507245	3.75155860794456	3.433949152181479
215.96150618877806	3.6701701693044297	1.8345531714379748
47.60300201133125	3.3507363149001708	7.81284696739735
57.81419266174318	3.776778161863418	3.6995802037665824
957.5478074955747	3.3750756675782694	1.7072442581536558
7.355887715648029	6.235786767999129	2.3068197180682435
72.46524169440548	2.683467055136753	2.2649868743083195
227.52191951471588	4.052038159553081	1.6010998053429686
270.21973118270176	3.8391271858415768	3.1704771131382703
2444.5566952895815	2.933816247965137	0.8805284006810352
344.1968997424466	2.8058105296986673	2.829614808963795
3620.564268205433	5.8870278097930075	3.0989559289686968
100.13809933975844	3.6951513521870556	0.6731383869107526
147.52399060024172	2.7575599315708574	2.8481978029186137
138.0964061548813	2.1016544420361942	2.8744837783303763
29.199527537209313	3.9679771419581353	1.0632324730564706
232.45554683469857	3.260471928114992	1.2411744181180373
88.83099093215775	1.6316272276405046	5.884960227218656
84.71703616168807	2.77391661639176	2.168894615367158
262.5503701723156	3.077642316706616	0.8640627569366913
702.1414273218146	2.9175710799106023	0.5170471889012708
1421.909663739928	1.3099823575361351	2.1289042797128457
930.5259641575118	2.6169689596130032	2.218392709822315
1068.1468857981913	3.107868707819873	0.02465512941464838
397.9446983987436	4.3530073801512765	1.101099603762739
219.7680706381505	2.020106070196695	2.791093084697732
-5.9486614302217475	2.680828357039223	9.26896806107322
144.25913132763824	2.550407515667965	3.414643707552255
886.565999962971	4.4948124646823775	1.1962214335613415
364.7076945784807	3.9661155656777547	3.221592207952203
21.155588576367155	3.5381226546124154	0.027172830846243622
543.7783890096399	3.7419392192266696	0.6062680052325943
777.152652573524	3.3390925000068865	3.6610318252358502
1006.1245936651119	1.593304612091942	3.868305648996064
281.5098082434098	1.8817863697440962	2.509663229147667
870.6205455159152	3.698716541970484	1.5902438064713347
1707.5675541720514	2.6008572450404124	1.0570515333888981
139.27186359256356	3.0737243544119917	1.6869097628058367
76.02934027043327	2.7138669373467716	3.3887462725360558
31.900031261580462	2.585503535721676	3.3028916495710563
26.8888623550078	3.2493838305598	1.6653982044195887
10.634561656151188	3.8489493241375223	0.9672112903352706
39.62293479194065	2.628447203093174	1.8673901374486312
597.5121753666215	3.9205296350518193	4.041677516617707
150.19251920849314	2.6611775478941433	0.740282020016622
161.68070499276413	4.865515927865804	0.06202671704995785
393.34004410199515	4.01427283686573	2.618050766653939
1498.3233955490673	4.358129780197384	3.062886328161801
929.6533145289118	1.0929723462582561	2.274795244175486
332.9818670686285	3.5437990780373836	2.7401272556378613
32.38065010372097	1.9216983628891529	4.661467217802448
922.9490341711687	3.898337817642569	1.3166120416333522
29.67251677226029	2.841921086049743	2.6373762856750407
2957.0233434774905	3.8259685366123155	0.7540920092030701
14.974328006850593	1.582454409141358	0.14744607434972973
159.425526618358	3.304366783709576	3.49175577631892
367.3621226051707	4.012814415460142	1.510685094186419
348.6638385503396	4.040794634748752	0.5874325920636407
649.7450879692991	3.1599788070877333	0.14281454350466805
4373.264898951233	4.282181165862698	5.597487479453698
155.29823376891753	2.086149712100646	1.0947530140274966
214.08287300424985	3.7609317126407253	1.6876885304124818
132.8319772761335	1.6623506152152305	3.490116131521989
216.960252670655	4.172426165148439	1.1087942300339382
967.092126494434	2.7605111786526706	3.4763903377470564
116.37167682432572	4.744184874001339	1.627355625000178
-0.9750632029888302	1.5666870991992963	0.6369157633141137
262.4446332177719	3.3354625897717303	2.502468660394079
245.93335771251685	2.780302884446366	2.052296768028197
861.5998166333221	1.2226425611541778	3.8918836731348825
221.17028703246157	4.133653063804927	1.957862896209974
499.82751279187465	3.0076414666947198	4.038088522690347
606.2001306687309	2.802494618843457	1.102818584652452
334.36019200926745	2.7156097338582503	3.8449178417640555
821.6539876446809	1.427822042902044	2.6314368564043984
32.751387010978156	2.395186387542619	3.6711892269713178
177.43345599820833	5.677886430269683	1.7976291102776778
85.63745946564973	0.60060913823176	5.634059318070093
54.53074129715732	2.782397700622113	2.0645940919834356
2385.5111608571992	4.122549504331399	3.1938618100591927
757.4221161116359	2.7562504203151166	3.2962551662976214
797.7198551268648	1.8523358237637864	2.324935459655138
2205.781899828182	1.585632248494115	1.5253461629970513
3115.2621078107354	4.050030991171501	1.1950681323367356
548.6189540944883	1.454829051061358	1.091405988489967
334.14640853418575	3.350279418769179	4.344657268423747
112.50087770853135	2.638183397263756	3.7125094436557244
189.76286158369214	2.5707998502342884	1.0534221735227265
-15.999819608656736	5.105258644092496	3.4076865252025925
79.21859302425784	2.3773994832186935	4.529362590188086
758.1379799225712	1.668280526160276	1.9500917250170657
1746.8981493914312	2.237907729894593	2.247446670318198
753.5635617610723	2.2804177142559254	3.431215547582829
1729.6530470094656	1.1757884056448662	1.0188266900026903
993.5615911292011	1.5720221255310107	0.035591789833703834
952.9328638457487	3.3951348158433845	4.527880868489421
143.93898529869278	5.364662435184019	1.0896485377948277
84.26207405745936	2.768943981816856	1.7393858894062766
45.18276627022194	3.1816489001282653	2.708600518970745
46.5629198170687	2.6069526093800133	3.342311700829525
156.26182452266949	3.1621525759330464	4.3204644932355505
273.787503693318	3.7897381023454195	2.988052628715953
35.80646745064988	2.954811901551655	1.6914465612554173
85.82348469645264	3.569017604089814	1.1883272629334796
9.196151775134668	2.870966772910563	1.2391805066553128
585.8831297332397	1.6338309619798173	3.105543479981268
2181.57735142807	1.513540454495614	2.431505909773368
3054.0382923022225	2.9055994408260153	4.309951228579621
132.87403808970063	1.210796756321946	1.1115295942946624
234.40597635450175	2.9213902273774193	1.7387858697839713
139.95799010687682	2.4155327203328296	2.527476236877366
58.892458237048956	3.589299692376597	3.410546902301304
169.48313737671813	2.4272814379085514	1.1632361117818764
147.79185454089605	0.8577262646375701	2.010790542505729
1417.147568646146	3.654906707412173	0.5596562203157266
0.8522049235773396	3.2647856658054586	1.4011560300407395
700.5458337241811	2.7350109834113097	2.913024527781261
10.935721423653703	2.368672589944917	3.8678184536612705
939.2083546217061	1.8704584254935037	2.519482223488168
2176.706470645397	4.88718112667597	3.983871546138884
97.79913164684429	2.6449275861628925	1.0778582115254711
763.9875265493263	2.2833659274120763	3.97525586802684
89.82317053928237	2.1225214395456025	2.2447498699304274
165.3472633445636	4.016584843595255	3.256821096562159
1.8403878522420645	2.8320439001353788	2.133751410597666
891.6685669631279	0.6184631172048565	1.7100145382502068
78.15841632091195	1.2197499384392998	1.2195877880070845
57.65774871377691	4.422734695086034	2.6054413702587214
1153.2912660735392	1.8582947541612904	1.224735440750697
101.92195298553719	2.608242089377544	2.2280555775275133
365.3471217762125	1.9390760101207773	2.4997827907275587
919.2812543830236	3.6195259673642215	3.385911502011719
303.5478992364314	4.95474951338533	0.641218842673383
149.36837614830355	1.3764729077681837	2.954469935026171
60.42077831077319	2.3293868012661787	2.5916311295232446
607.527046858721	4.000333579575155	2.4666920692664256
33.33179799258784	3.1595619640497894	2.1372165419491695
199.90601147964895	4.188020407341371	3.3491192707786825
444.76037816222936	2.39606068692414	2.2862444665284514
70.34222291054941	3.8466033423490047	0.3003912871116042
295.56233140301777	1.9966599243607877	1.5670212116817748
1602.4106756886838	1.5933161895487828	1.837089477587695
564.8522681574817	1.8422608869147803	1.4498088773995856
1943.3492556523836	3.829495054315663	1.1519408114958067
415.68239080990486	2.3250932153111044	1.0868992454808826
144.0714983603442	2.820635928642945	3.813995837027617
1191.8254896813273	2.3752523415005506	2.2697451697098114
80.59584373415905	3.9801167435518723	3.3356725435133208
298.82061139086164	3.1116084449331365	1.0278911861569378
162.86124782766575	2.3759450328483824	1.9339294136772025
41.45505419677927	2.664700204781124	2.029206675932689
1.1611535476392658	0.48468616996446534	3.212848245730231
130.68205740528782	2.7441021263385053	5.325677798593129
785.3839133339628	4.6206847916652265	0.8675816365065033
2743.617370011976	2.4252434241033267	3.5651572979196104
770.3336868801975	2.9996931643803615	3.005204505596379
1584.596912428147	3.0935838879031365	2.8976554268784187
244.4620893895043	1.3350443655771242	2.682609068672539
1385.11695472502	2.3484067509174893	1.9179863809457414
182.92801705327054	2.5902512456499815	2.9952914053469897
2.0235997220733157	1.919843221010178	1.937208252560391
2896.9399054325345	0.6178620778365556	3.7566759996981642
772.6947038575817	3.3917365757050044	2.2845637631800066
85.83182647801718	3.3757176129226454	3.169539013678633
1329.9309428452802	3.828423473411429	2.733991747575688
1122.5039872099362	3.9593585255993347	4.07402946125739
609.8714865590376	1.343468042273995	1.9191309445722884
2136.5620637429047	3.9036890720345667	4.107644599790523
232.71082132199047	1.4367886345130145	0.3165303800509347
128.77829072995456	4.563601708054053	2.1849141273688346
197.16181844942665	3.364647519722764	9.217949975867036
21.492624946419923	4.056236627611196	2.2332119387655975
-1.6893585168897225	4.9816264350726795	6.329163638137938
47.216164081388975	4.628216611970952	0.22931662742655418
55.41848782332428	2.537335655102047	3.440110438532583
1.5647000762112058	4.395737733757586	3.6065793286085546
138.68643063035756	2.0787834325862535	2.7134208047938824
249.18450934592528	1.5710735266961784	0.9447265839534345
489.88301965725475	1.7626522848842712	1.4693895376794757
2613.261566080101	3.032442231103984	3.958563266760456
1106.746374370186	3.4221176215084563	4.650880302727823
1595.9155561377136	3.5333730249289284	2.075105994202618
-16.175042405098008	2.258386735520114	2.7200226844903366
402.0036993568235	3.7985822194654277	1.0134178172196728
82.24089916101948	2.7738683668855857	0.4727923485916425
4.011496284171314	2.7610726043950917	2.832321842533896
188.5912324404176	2.8179179595482924	2.2714271724173094
216.56176969905619	3.247056037103736	3.174709660649796
680.4207229619753	1.6702101206708415	2.99164675409979
728.7955849087557	3.9116736845464537	4.027490157333085
593.984893383868	1.9776360151020749	3.0419789783331304
169.1122635853382	1.9546173687806911	0.3477340902237237
865.3567478920045	2.492960871500442	0.2925233635965632
295.34764806307845	3.0746100176018407	1.558741796742105
87.55985902672387	2.49051672167267	2.244929843991303
191.3450137226615	2.744761261867316	3.3141651984163523
23.625249304123404	3.2950070389909847	1.8492185419662852
-26.334802607176947	2.4878223528407335	2.7965478985929026
194.5739407831942	1.946877418973414	0.9783916214769078
6.414970612711899	1.3068629328257704	2.405392385694725
362.7037246860644	3.7608330383299506	0.03767026860253899
335.4170255577714	4.37285678957501	3.842603440262992
389.67080197465873	2.391081472922777	0.12055572079806912
2340.2495722091207	4.48434666031547	0.780355815564685
111.93231953732563	1.3626078341231571	0.5178594564626269
301.3897883807403	3.995418991297615	1.6013796638936146
-48.131631881115446	2.683596075097066	2.554394422478835
177.35018940993214	3.2222720332824033	1.0316177356329481
-22.76823799702708	2.413841175354541	2.109442956957764
-28.954702120655533	5.430036155339416	1.7948851249058502
-5.985729457272654	1.9278743476090705	2.312897175259447
56.24801042261211	4.62898930665035	3.1939156812532823
152.20868924968457	3.317734805416982	2.0367801735083173
434.1499576989158	3.9909917076038908	1.5076586861196257
479.8456856806428	4.22596407368604	1.4494131813551716
938.3172521405753	2.6157454817200225	1.5283148282967176
506.52652832884553	1.6362413064986736	1.106118175699525
288.16020330639253	1.7548852456547746	1.7794048670934217
-57.780337076437405	2.626936341062874	2.893624204056356
256.5209555055892	3.524600819902975	3.289796168214108
27.31250460117145	2.204739836026717	2.1471420775000567
181.39986241266615	0.49502203337512657	1.554701496260857
16.57336206095028	1.7538812232693877	1.2555724419761243
43.00856122382748	2.1214383685499896	1.0324211694718801
339.7258844028142	2.3522510781325945	4.61791837237326
473.8603178677187	1.8315128449748928	1.6119595902851613
1298.171015202938	1.8624136165006986	0.09812829695200873
220.04471352575644	3.1385396047685825	2.76850244815757
420.9786321844803	4.002539730495948	0.9755952171934007
1615.5152871441685	3.037016459608542	2.9386021025682187
113.23292003899843	2.6856034016574446	7.424653159614531
13.99802614618116	2.6891335451677216	1.5954213743070205
99.98788593157164	3.781739871471381	5.5018796193265285
72.17188203205592	0.8368129082472404	1.8822973739688058
38.085465659846626	2.896923589110927	2.384371929869721
93.80530886443017	0.5074005717886394	1.409541306896716
2674.1817091520843	2.1287956574531917	4.761947341426087
305.69037747405343	1.5303634315216335	3.92313467949475
1230.0581697131615	2.13393805843466	2.4667224003102164
2060.4138209498415	1.4590069836972834	-0.030844824277663274
213.9252238868983	4.474253440555077	2.8522493980004517
42.21143179911736	2.1644014822958964	2.688500809607484
122.31877279671289	2.4315673400236246	3.308816561335897
-1.3821256369199941	4.157288183939983	3.5284546824248912
48.26199945753747	3.22302763173073	6.383310043661072
386.3886624941185	3.900760577262192	0.8182837093557153
781.1031685671447	2.6790603809300437	2.2642806067875094
116.30227474762641	2.341888121713467	2.247635763193751
132.29257426035056	2.5612950565876784	2.5502095783285137
352.98116368416567	1.4196252548502843	0.16154811656638277
268.9179531882775	2.3076751604491244	2.46952238672999
3046.8909585551396	2.1753260665753853	5.450263229635716
499.26140253103705	0.6932701872143572	0.26349433394722727
220.17422296071925	3.5467041231727032	1.5269193957373266
117.13109756705305	3.390325749573248	4.7120899224924635
174.42041427749095	3.246443105171106	3.330324917579739
253.84794134232564	3.108015135766115	4.940502650067579
837.6460769075109	2.878347672107942	4.648325473432294
228.41480965109292	2.900009296465252	1.272515525127713
704.1031356540138	3.2954249252062913	3.2882887907464506
717.2837104817893	2.9718081048225957	2.941676519131671
1127.0498350189257	1.3222433947632461	0.5195621497780775
273.4008969667842	3.360086922959039	2.16971977821592
914.3542273701091	3.091255270167161	0.010378301005512899
72.7463692496003	3.072503093287633	1.1034807063516785
209.83783213335394	2.280770902158888	1.4914388839772277
22.41715889404269	4.043645174022732	2.8738879824480947
1.6651387472330852	4.73948556247595	3.2848675423559754
22.752930852962198	4.155499451888277	6.562421886882001
376.8451924481383	3.6435860232257293	2.3142003352279645
-5.775767109535343	3.831348706379398	3.39218708032877
64.97707683262223	2.2298378501310046	3.800999481649808
147.1038940015009	2.8928013529007948	1.243108752480206
394.443169079228	3.6174887972832335	0.9305020015508371
2216.126907788962	1.2916451375486846	1.4426926557047581
526.4481985924757	3.1063690395205494	3.8962688508984247
2716.110180686343	2.9462786022630376	0.5864774732826016
315.25432059467903	3.588304208316595	1.7553700165531616
1870.9154483865468	1.2094123865027755	4.843088501020273
1228.3397573693364	1.8509341579398813	3.605803104094332
155.1820270896115	3.689378188666247	6.268053679261877
174.83928435814602	0.5553290678776709	3.5157500662128305
24.96861702102923	2.622920373879853	2.923196736742841
52.73899165758537	2.6867393451751793	1.5670072801436354
149.3269193504688	2.955407150201534	1.1367971065976834
347.8419494739875	1.9807190546133824	0.34489959455287733
321.5088004718651	3.8069698536848446	0.02858437469618974
943.5598483558238	2.4054849217845695	2.3192533491700598
497.5522851816398	0.6704423466297842	3.905723696369645
296.64097185319747	4.520536487456158	2.7413015363690154
-44.81689046570006	2.6360456188100176	6.8453895356432195
-1.8050254458821047	4.677345757454286	0.9944382484242482
735.1401756621567	2.177493691575171	4.732553319074281
-42.780874107439665	0.5527232557103949	1.8637794635971792
242.61179429458826	2.86070802806924	1.243299090635534
55.928175310619835	3.271088328795279	3.5996342164190422
840.6365237034978	2.714296398991991	1.1336392560535913
797.5976214995554	2.935645273897202	0.8637558824579817
357.44574908207926	2.059431385224094	1.3365730877654722
189.75019938677002	2.9952885895648964	3.531919630858022
115.06776057632948	4.80426191214072	1.0868885876752168
1616.8004726854656	2.9301739340848	2.126805466388257
323.8666231010602	3.5877358292158292	2.6280174150127213
-1.0628805920505613	2.5511022877569	1.5742297279480788
129.86240279495388	4.156124944604893	2.421452347631365
263.5563466743013	5.05868829825168	6.486183532694454
34.55157263607079	2.8379278003825803	1.37825324678612
289.11297833689656	0.6758253744027745	1.4035672644936124
642.0817747887904	1.8475295520272053	1.4858249423793686
883.225046669234	2.7457561274742903	0.02371071194390485
959.9409286998525	1.400600504324404	1.48462954039622
807.0200891177591	1.7772322251093313	1.92725750306591
13.445616708661449	0.5459214297440446	2.7988181303024002
1614.149878813243	3.31345453016502	3.6130881823536685
-5.210740945065682	2.3541611684844144	6.861879471994535
39.19211388906548	1.9038491604368928	3.9485388205880816
-6.701651034014174	3.4745297102667134	5.7211286975858275
8.392920324300828	0.7120832225429019	1.7936935123402389
16.726523609348547	2.5870553067589124	0.8732073309207586
291.7896565076512	4.4774942311373955	0.7634062076402088
645.9344384367248	2.5015736162817865	1.65063888810265
9.484863034442707	1.34985619347457	0.5557691320359789
104.8273589196665	2.8624545865088873	2.527301670539521
967.1748100233174	4.108281355875682	4.818894961526471
879.1307278044137	3.8119224838827974	0.6660627344635232
135.07503397505502	3.5645812196223297	1.8566785878667758
256.2517928519681	3.2474086829919426	1.342997006838009
32.37520008151419	2.5533368856895073	3.288361844408134
-30.541274861645483	3.8058504241131996	2.2481805186074637
103.54378703470556	5.863098092049566	0.321800618987503
115.9813047542003	2.353040980246365	1.3425107238964586
6.623543771369731	3.290984174627112	2.2221531089934423
246.15552549193075	1.8437133234685734	2.144702909753006
261.7090762550827	4.002407484768888	0.8514730574826755
