Flow 	 Preci 	 Evatr
816.0	2.03	0.97
2394.0	5.09	3.75
3144.0	7.49	6.64
2366.0	4.49	4.02
1499.0	6.44	1.67
357.0	2.67	4.25
71.0	1.67	1.01
59.0	2.25	4.11
-35.0	7.25	16.67
98.0	4.48	3.46
331.0	4.8	2.26
1757.0	6.47	6.19
1884.0	4.64	5.52
2558.0	5.2	4.64
3177.0	7.66	6.85
1981.0	4.48	3.45
1079.0	6.02	7.84
221.0	2.04	4.78
1006.0	9.82	13.04
424.0	2.12	1.01
25.0	0.55	1.64
76.0	2.93	0.78
53.0	1.35	3.3
339.0	2.67	2.9
1039.0	4.61	3.84
2497.0	5.37	3.34
386.0	1.39	1.3
87.0	0.46	0.2
248.0	4.79	2.68
-4.0	2.23	2.08
103.0	4.68	3.34
566.0	6.39	5.56
101.0	0.33	0.32
31.0	2.85	2.04
2565.0	9.97	3.82
742.0	1.39	0.7
340.0	1.32	0.54
453.0	1.87	0.03
1120.0	2.98	0.0
134.0	1.1	0.18
149.0	2.73	5.76
-52.0	0.84	2.77
24.0	4.2	2.48
709.0	6.99	13.27
-21.0	0.53	0.62
-38.0	2.0	2.34
63.0	3.26	2.47
610.0	4.1	4.52
1919.0	5.88	11.23
1908.0	4.23	4.98
2274.0	4.54	4.01
1776.0	5.46	7.38
305.0	3.08	1.51
103.0	2.48	1.48
31.0	2.58	6.79
-35.0	2.71	4.48
194.0	5.83	6.68
-6.0	2.65	2.2
79.0	2.48	4.12
241.0	3.86	3.45
784.0	3.35	2.03
607.0	2.24	2.5
259.0	2.09	2.48
400.0	3.48	2.02
229.0	4.97	1.67
48.0	2.43	9.58
11.0	3.23	3.47
-3.0	4.12	1.8
85.0	4.79	1.8
172.0	4.14	1.9
558.0	3.85	2.71
148.0	0.76	1.18
340.0	1.7	0.67
2218.0	5.91	0.59
3239.0	7.06	6.39
1743.0	5.61	7.17
1457.0	4.42	1.39
723.0	6.62	0.47
981.0	7.3	0.0
1151.0	6.3	0.56
239.0	3.96	0.0
904.0	4.91	0.04
622.0	3.09	0.1
1247.0	3.12	0.0
1310.0	3.93	0.0
2029.0	4.32	0.1
1079.0	4.17	0.0
1409.0	4.42	1.1
1565.0	6.95	4.06
195.0	1.14	0.0
57.0	3.67	10.38
163.0	4.67	6.64
-53.0	0.46	0.1
501.0	8.16	2.26
140.0	2.08	1.48
613.0	3.78	0.44
2084.0	5.15	0.0
347.0	1.31	0.0
1728.0	5.94	0.0
529.0	2.63	0.66
219.0	2.72	2.06
62.0	2.03	3.02
59.0	5.35	1.0
25.0	3.13	0.32
146.0	4.96	1.84
18.0	1.93	0.12
36.0	0.98	0.12
123.0	2.73	0.0
1174.0	4.84	3.84
575.0	2.45	3.34
978.0	3.77	1.3
497.0	2.4	0.2
148.0	3.23	2.68
325.0	4.67	2.08
198.0	3.98	3.34
119.0	4.19	5.56
72.0	2.35	0.32
136.0	4.54	2.04
747.0	5.08	3.82
724.0	2.84	0.7
1868.0	5.13	2.03
792.0	2.66	2.5
3718.0	7.57	2.48
2403.0	4.99	2.02
321.0	4.32	1.67
20.0	1.65	9.58
0.0	3.22	3.47
-16.0	2.2	1.8
5.0	2.68	1.8
28.0	3.27	1.9
136.0	3.6	2.71
398.0	3.69	1.18
784.0	3.99	3.18
1213.0	3.31	2.54
2704.0	6.9	1.85
508.0	2.57	5.49
115.0	2.22	4.92
55.0	2.7	9.64
201.0	5.66	2.25
136.0	3.91	2.13
-19.0	1.49	2.75
190.0	3.65	3.42
83.0	2.38	6.25
58.0	2.38	3.41
843.0	4.25	0.0
1406.0	3.82	0.1
1187.0	3.13	0.0
102.0	1.18	1.1
156.0	3.66	4.06
1935.0	11.0	0.0
496.0	3.97	10.38
153.0	3.23	6.64
13.0	1.73	0.1
1178.0	8.27	2.26
1295.0	4.77	1.48
700.0	1.84	0.44
1682.0	3.83	4.52
1341.0	2.33	1.92
1300.0	4.1	3.0
864.0	3.63	2.75
837.0	5.03	0.0
230.0	1.89	2.29
164.0	3.5	3.27
402.0	5.28	6.28
4153.0	13.24	2.16
819.0	2.91	0.0
597.0	3.32	2.2
1331.0	3.82	1.15
1151.0	3.56	0.0
1533.0	2.89	0.0
1089.0	1.92	0.0
1712.0	5.65	0.66
376.0	1.38	2.06
371.0	3.63	3.02
273.0	4.26	1.0
-47.0	1.31	0.32
37.0	3.77	1.84
47.0	2.67	0.12
285.0	3.66	0.12
312.0	2.66	0.0
3006.0	7.91	0.85
3393.0	5.13	2.41
4393.0	8.37	3.59
959.0	3.74	3.89
373.0	3.95	2.79
114.0	2.36	2.61
28.0	2.83	3.24
31.0	3.07	3.34
80.0	3.82	6.91
37.0	2.99	1.36
57.0	2.19	3.3
278.0	4.75	2.96
1598.0	5.51	2.32
480.0	1.9	1.46
919.0	3.0	5.51
859.0	4.87	1.09
214.0	1.22	3.78
110.0	3.28	6.78
34.0	3.28	3.29
201.0	3.48	2.15
5421.0	17.8	3.25
607.0	2.67	1.2
296.0	1.59	4.23
419.0	1.74	5.7
1127.0	2.48	4.52
1579.0	2.56	1.92
941.0	3.2	3.0
1372.0	5.66	2.75
441.0	3.18	0.0
281.0	3.82	2.29
630.0	5.34	3.27
455.0	4.78	6.28
279.0	4.42	2.16
-9.0	0.08	0.0
91.0	2.03	2.2
148.0	1.85	1.15
160.0	1.98	1.22
473.0	2.91	1.87
1986.0	6.28	5.78
799.0	2.6	1.16
121.0	3.12	0.44
332.0	4.59	5.83
326.0	6.46	7.89
247.0	2.71	2.03
82.0	2.33	1.41
-7.0	1.41	1.24
4.0	0.49	0.91
74.0	1.92	2.04
568.0	4.29	4.83
210.0	1.02	1.21
333.0	3.01	4.24
159.0	1.57	0.54
-11.0	2.02	1.41
-66.0	2.32	2.29
-3.0	2.87	3.67
56.0	5.18	5.84
99.0	3.95	1.81
1814.0	7.96	7.58
1026.0	3.38	3.43
1965.0	3.32	4.07
658.0	2.13	1.8
2131.0	4.77	4.29
2953.0	6.71	5.17
2923.0	6.29	4.54
1617.0	5.47	1.65
973.0	3.15	1.94
882.0	6.48	4.9
823.0	4.28	9.7
646.0	5.77	3.48
189.0	2.87	2.97
268.0	2.18	1.49
1092.0	4.12	2.84
240.0	1.2	0.92
961.0	1.99	2.76
403.0	1.54	2.28
479.0	2.32	0.91
289.0	3.48	3.1
67.0	3.65	4.35
179.0	4.68	3.81
995.0	8.72	9.88
535.0	3.95	4.43
183.0	1.76	1.42
585.0	3.25	3.14
707.0	2.11	1.85
857.0	2.87	2.31
636.0	1.91	0.25
1463.0	4.34	0.39
589.0	0.74	0.34
135.0	3.52	2.75
141.0	2.66	2.8
36.0	2.44	5.54
17.0	2.15	2.14
-56.0	0.76	1.24
37.0	2.77	3.87
132.0	4.39	6.73
688.0	4.98	7.14
368.0	2.67	3.18
343.0	1.84	2.54
103.0	0.84	1.85
324.0	3.79	5.49
131.0	2.87	4.92
1259.0	7.2	9.64
516.0	4.37	2.25
16.0	2.83	2.13
294.0	5.5	2.75
179.0	3.68	3.42
2360.0	7.53	6.25
630.0	3.42	3.41
1082.0	2.13	2.44
586.0	2.11	1.49
1023.0	3.41	3.04
1060.0	3.54	2.75
137.0	2.7	1.91
47.0	4.28	4.85
-25.0	2.56	3.7
-46.0	1.47	1.33
-44.0	0.92	1.57
86.0	4.55	5.68
1.0	0.58	0.53
186.0	3.98	3.06
101.0	1.52	0.85
221.0	3.26	2.41
887.0	4.81	3.59
1114.0	5.82	3.89
223.0	2.92	2.79
81.0	3.73	2.61
174.0	3.17	3.24
252.0	6.6	3.34
1930.0	8.02	6.91
66.0	0.85	1.36
230.0	3.31	3.3
990.0	4.12	2.96
736.0	3.21	2.32
298.0	1.54	1.46
2357.0	6.3	5.51
542.0	1.98	1.09
197.0	3.93	3.78
638.0	6.29	6.78
30.0	1.94	3.29
26.0	3.43	2.15
117.0	3.64	3.25
17.0	2.18	1.2
1787.0	8.49	4.23
2768.0	8.13	5.7
1546.0	2.99	3.82
2200.0	2.79	2.68
835.0	2.71	3.1
185.0	1.06	1.63
1060.0	7.08	5.78
130.0	2.46	3.04
40.0	4.07	2.07
30.0	3.2	6.62
174.0	4.75	6.05
78.0	2.49	0.88
18.0	1.05	0.78
107.0	2.77	1.43
110.0	0.78	1.15
237.0	1.72	2.05
621.0	5.37	2.81
404.0	2.9	3.2
342.0	4.37	3.08
-19.0	2.81	3.72
-8.0	3.43	1.78
-15.0	4.08	5.14
107.0	6.02	3.85
41.0	2.55	1.99
195.0	4.27	3.14
245.0	2.54	1.4
155.0	1.58	2.04
275.0	1.94	1.97
913.0	3.34	4.2
125.0	2.73	1.48
348.0	3.58	4.17
25.0	2.08	2.56
50.0	3.87	5.27
141.0	5.71	2.71
465.0	7.51	6.47
57.0	2.8	2.5
1.0	0.43	0.59
250.0	3.43	3.0
854.0	4.0	2.65
980.0	3.82	3.54
494.0	2.22	1.57
614.0	3.75	3.31
995.0	4.65	3.34
1348.0	7.62	8.36
1262.0	4.77	3.41
268.0	2.33	2.24
12.0	2.49	3.45
5.0	2.69	0.79
86.0	2.77	3.15
1000.0	4.75	5.24
586.4543654450903	1.8324714318685527	2.5478166500269848
1737.888957854803	3.0154528863449803	3.6069485158314274
1869.265946177641	1.1795132455834496	3.1773513927404404
220.12696520069466	4.950822161139303	3.578444401528645
106.54156459359496	1.9632029676063483	8.963707001383932
100.43544660468189	5.113851375800976	3.380311531516808
415.701396575492	3.9361916910588266	1.918952464926193
732.3456359507511	5.6448114374081735	3.5372480963376556
435.02452687346613	3.8373553357731964	2.682173612242622
2219.075586630397	1.6840449232165686	2.614696216190084
2052.549255770785	1.845934178804991	1.1483251398456027
158.96151592472788	3.9917784673521144	0.8701734133246577
321.61089157767105	2.2719547289786415	0.9123891935958497
917.4389339169501	1.786491455588057	0.411527861743911
150.01666577263546	1.048149970942128	0.5303890805021574
469.836634545842	2.044142864620568	1.0392291345528806
67.53978122858437	5.238843914964317	2.065951100042987
-0.08220542096640893	5.129249286630977	3.4578555264887254
208.11981566635868	3.1706392574237796	4.72867281268344
37.08851906975798	3.919146864681065	2.011706565923079
22.51552307953215	2.597404000033626	1.1291454471491946
26.076023348494672	3.2897863087731767	0.7699029763212484
726.8874908271798	3.4314968858264954	1.1562403263801906
1083.2575256604894	4.168064680289146	1.3841145824556826
897.8477817304824	1.908784604070924	1.9275982411377883
1273.0880991510749	2.1819825838910205	1.1581243196221587
160.74624906819562	3.7287039469148784	4.381575852814226
33.32515507618696	2.1881128298701515	3.7228014323356526
-44.741991419767686	4.212271771466552	4.838941260459669
57.3233847676038	3.5578830708201585	3.266699628577065
11.71029696192096	3.5121976254966647	2.150592201988161
-25.26345757977727	3.896945994131366	3.4157743583913924
89.2925973623311	2.7833799202741685	2.2076848680942893
590.8687531723807	3.323103446990439	3.4182622236042315
1114.5717014017655	3.4478831229528777	0.06007823843259252
162.11821678681284	4.083880242250629	2.3087848231175183
1730.839764510057	3.906866479041156	1.4533357538772724
1449.8390194735211	5.508412605951212	1.647234929618751
2022.6211570580253	4.509145638984245	1.577303524410905
1427.097048850979	4.918534209520761	4.663024375610311
884.8340212080158	2.034940040820838	4.462144046178433
28.69307074442015	4.959981168418414	3.287180608993431
-50.18823350372257	3.8357117864855708	1.817538941511269
507.31757199910453	5.1363131332919005	2.039968448469552
173.09431979604335	3.4076968384193447	2.0210749221140416
86.59562444939269	2.2169724892639824	3.27106235271191
372.4304975085562	2.202881861526306	1.0788251989236368
417.5173270605852	1.9570131970863218	0.862260737697385
110.3169585606391	3.4864884211597085	0.042963223800981845
366.8438098648124	4.317617701262301	1.8768368017063015
915.2914605063452	3.7103450849801884	0.8394253800769756
380.646044540297	3.117167381173894	1.7826617168639727
4.366529972464302	3.131374447622232	8.803889540545399
47.287037947367665	3.234013962296635	7.152801685348191
505.65640565863225	2.2057971163529184	2.1352246286941274
87.73042158762689	2.579780106415585	0.16731316876161328
40.63069471102474	1.8783935750325367	1.2251783409585473
1.1125240282349265	3.317471796800477	0.2953207217941026
251.17291692888318	1.864949047802881	4.705122695982919
1578.9048836671427	2.1127857234497185	0.9675086217631401
1289.2364557658973	4.560932093828775	1.811503170922626
2295.8501853275775	2.01428804382206	3.1207887239729883
217.1901147442472	2.392422616090249	1.4977813794026131
357.1447262237138	2.7905678833327623	1.7366750319184252
946.600904466864	4.4327035024786205	4.640631562800199
15.853744804480776	4.691958199775202	3.828645329323594
-10.115240864941896	4.683770834922633	2.15267967499338
82.1757690619202	5.823535403127434	1.6427574296643037
778.402413062939	1.8420668210756421	2.2293483895963115
109.2423327784165	3.3116178770654745	2.2732968858235805
1078.7489071167074	1.8441327236548148	1.3090403507389559
699.8564274636253	2.033082345203978	2.318342682244495
236.76118420664093	2.0118856574726434	1.9013520529232597
3182.069459714786	4.423472953903488	3.529918528171596
1179.5948454795678	3.5781374219914794	0.6094684239954467
322.14206234319977	4.56710920555925	1.480464668948226
315.06056875566554	2.464660403919448	2.08806767393759
30.15067548636547	3.247630761487016	1.2537589631359205
-4.102721410126685	5.2676835147124095	4.9486465646060545
-20.762874675235995	4.698620468637753	1.7955690434296772
-8.375145816482238	4.4567103437485445	3.3183725458014655
323.5969981615979	1.9319804127997706	0.4746819898543886
2612.212344539116	3.1551828859599267	4.481573563191211
2382.460132121698	2.051294167574316	2.0255056453810796
244.9761747302897	2.533315245831743	1.8641515233760655
1225.795915671548	3.0145344425646248	2.3453661983965306
2448.697821588332	3.215550885735504	0.6089201241526365
133.19818533573942	2.774333961182854	3.968644596607575
43.496580850877514	2.3071945884508036	8.82257299548411
142.05075602195762	2.371926906169977	5.534949425248782
22.741261993659833	2.7928690190314267	1.2931663539661367
138.47212176411526	5.048085098568213	6.467296042789876
-2.4304468344826926	2.658769707141719	0.17999739837999915
663.2901121230221	2.5132727426622345	1.970847138651998
410.5059728975962	2.5116782423629673	3.1286405501299206
710.9726024562015	1.7130877941744311	1.0742545764079812
2308.24069024121	2.5243791295453284	1.7345471893689548
1072.7181286364505	6.406154965866547	4.307437389504861
885.4924846861203	2.1650235783263585	0.7226380626953836
219.3927641724986	3.1306882898932007	1.6583655212471458
148.57860303000788	3.3116866749485117	3.013645361404929
1013.070568437882	5.397762274550321	4.055823800388156
246.6732199776139	4.137301850025509	0.9623391034506605
136.8387009705785	4.750556081006933	3.376732325576024
33.109890225786366	2.6686305659737766	0.8175866731215101
138.60915602284658	2.8116024380748375	3.2942199605345257
160.40918474481714	2.403976780825705	1.1607971116159201
363.6103712229819	4.1686155531106195	2.0943724078763353
410.6799237993738	4.342573462521126	0.10074768042917573
396.72130188695684	4.3988472657469755	2.9825466799735123
137.38233622217768	2.5898468463865787	3.9576598874292532
319.61930568200836	3.8362278303201185	4.436550424134509
1104.8090521790973	2.043219161838631	4.6691413723537325
996.4242576088151	3.3465532838575167	3.3672542128679153
25.270750615405365	4.10530967040016	2.1444148846925986
52.96336448360273	5.809537520464678	2.0120901805002775
790.1519952621971	2.891829903403351	0.8081951013948234
60.475292790093434	3.2976585092861868	3.295317262716035
260.74550402288315	4.700443296461576	0.5312205957762997
2758.0461630866007	1.5129996930144476	3.9701659939312846
367.0065067368467	3.2565289809991826	1.431674173394182
435.80495636961376	6.736293916375482	0.8556443033718705
954.2709389131372	4.546867184403815	3.372888190306689
223.51307519834208	2.373394650087333	1.5498502381061752
320.11241203635524	4.284472481256248	2.467333324805687
265.509406421324	3.1482776687534675	3.4427408746264017
222.27181037753343	5.539032530122242	2.1380424736109953
-55.08809403158972	4.483655129522154	2.0473600658834834
542.1632803937756	2.612354583370768	0.7858122242179973
228.36794267184533	4.597953909720909	1.5561993044163824
837.3477686165713	2.845661343956038	1.1559804752905443
292.1783584187679	2.9049143954224856	0.8861645007339902
468.55350469690774	3.9347260062538725	2.5318707988151727
585.8206410150497	4.157377406227727	3.8037703785556642
1775.8166402917316	5.286648199028489	2.430709410622071
1250.901192855509	2.7353617702179007	0.7150212582716755
152.84805051328127	1.4461949991129843	4.561642919424997
0.2829544054575952	4.334770119107612	2.483359925506787
-7.972181136827455	5.4901089104636895	2.1323786854768114
230.76889609591646	3.3409850404405947	1.5127961719583003
35.56292884903149	2.2912197549002884	0.8116985769949925
49.51250306213886	4.705858716473211	3.9280389302091145
328.0657581527859	3.1910369523720554	4.830780235080872
1567.2672319483543	1.3540491521018727	2.0512776928914556
2205.1867416137643	3.9094770394559224	3.1797577730300075
1356.1251075179944	5.996522819891484	4.213680405078849
123.6198083140704	4.198112968369447	1.4330838197272684
1050.3010064254174	4.091399381696978	3.92365597284276
51.971403632353805	3.689238187685059	6.721802117247979
56.104363161433255	3.444816976680485	3.300419493260652
75.34455964218861	2.19129851112316	2.0644367776258856
11.126473932480238	0.5806231322824865	3.8695701975014307
-3.5277973219468306	2.5586377103066016	1.2258675034248947
1467.487279620906	3.615365805417836	0.7008297859003471
2606.8754839209196	3.833042599398301	3.029325348028113
1292.50894602145	1.6503334665532219	0.6484240412624673
386.29437567463805	1.9043656917876173	2.5661333444980663
3147.6586154374545	4.2281027963738325	2.971721399726485
1712.204170838586	2.3140171344003715	1.1190550406855053
138.09662421026235	2.338308987948868	2.86916513291454
75.85157708907681	2.696888770083583	5.139542215929327
35.570336189885744	4.478772621085696	5.968573621801152
-49.394512421332834	2.6060900831287777	2.298857412548487
24.38363006310265	2.097443683238593	2.052234086656862
7.887893817066736	1.5249834459686307	0.20481513158796666
3.281832700926538	1.9742150563246097	3.2366178313997094
248.16685877486213	4.103147695053211	3.093451413319774
1134.845095256259	4.5659459829127185	3.9280639303670415
250.15424569810364	4.085544987711451	2.7439590518250947
93.26471062695498	2.0148923264288863	3.0147433107704966
143.702816278424	3.7667805618112085	0.349317252947728
1215.2549851873664	3.1195087120950595	4.73532312017477
52.67370129217743	2.5034397809662683	3.064114180667774
1034.1859344044642	4.397659039981425	2.0970620523481167
-10.646618634020907	2.06951921402771	5.474347074030812
11.128643048228968	0.5323167221584045	1.7954307112774308
804.5273166454723	2.5001139402965027	3.482381010473652
78.2632178473423	2.0499411898675675	3.2078413073198297
696.4839534983969	2.7726806474703123	1.1805880328965999
773.8141912023706	4.346869960302186	0.8509388614958981
466.6839758520439	2.1487267092832396	1.3026404620366783
589.5045684783844	3.0551527251139277	2.1868679997901252
252.51780405800844	3.745457643233475	1.0808105263380532
326.37880488150984	3.5434261562784877	1.8688335993683791
840.6479490747604	3.2816962076904863	3.3113374040621313
451.33132211254286	3.8575653301828177	2.710314069846037
239.86285243287165	1.9341446870141454	1.9475204157513706
480.1602324088912	4.070175026933215	3.4545677390918135
-4.120817681072155	3.794614169001024	0.8213672258037543
579.3717891403323	1.2141821346814485	0.8209165321176454
128.03538298589578	2.599766082824782	1.6205972427263071
836.8817540271073	3.221185281170192	1.085081049232372
15.763212699521192	1.9358591543259185	2.5574916757004345
1972.9185864627655	5.561281931346498	4.509917276857073
834.052715035019	3.5423185399529755	1.1265921733566548
177.8321797380701	4.239752494314371	3.8560079624018035
206.50977143088946	3.71856561827984	2.7027118765700346
-0.5957991382426209	4.559146936564184	2.4562313269374245
19.012945487482263	4.198684401607225	2.150487453518355
41.3479046854335	5.125869815237965	6.4162172434186004
39.24709837150168	1.8053056812329003	1.9519628950168844
83.17495303931756	2.2490066751948747	0.5907896733459729
150.544620993645	3.8332824888478565	1.7017290439173833
836.222185068208	2.1174221883495083	2.0406047325266155
937.2493544247027	4.098469261614717	0.09820135751102485
979.8815763579906	1.4365934743277393	5.676398023065242
1449.0887224626865	4.828738390797564	2.7488207402869973
336.07017396299784	3.4934673372967207	4.234716148617078
758.757675952436	3.7970242897243875	2.9069708758088106
57.764801031151286	2.904841274537474	5.499357005536006
131.30450285929598	2.16665437316359	2.142679161072716
-5.794682796348697	0.6098577877662539	0.3444997713547619
169.4785208721825	4.584957261829392	1.6894388694713383
288.7959555899195	4.749043873656889	1.5568956809472816
963.9449143760849	3.209444588712207	1.189930469246592
1859.2619617326968	1.5858531678227061	1.18799442283764
583.7635338101553	3.6159781601976775	1.9423693806658757
1091.7576913992361	3.0081709706493918	3.0477509034963903
109.31202440656833	1.1025476175567381	3.949569164615154
138.05411041709252	4.51115228879858	2.9864576864523094
178.73318141604145	2.4878416548802558	6.930751307684167
986.275230955427	4.7195388686627195	3.6214254805737003
25.8172417819803	4.422916627322545	1.0235345459893073
227.49615286687256	5.146427342217901	1.799590320625426
60.93506877791626	2.7331522671221022	2.4314537198703006
149.6337851381144	3.3340932731774617	2.261349387766558
2187.415198698076	2.6815830656306465	0.681146018723261
1412.453339621712	2.972577195164259	2.522082200671641
494.15384529770625	2.900408250865852	0.07349202864130004
1505.3364091221886	2.9687258294235037	5.676692295802032
115.54157681436037	1.1076374129632625	1.10862828337127
137.66593784284348	3.1089608712417935	2.59189643821213
303.6188141985705	2.4171145068045736	2.979512447612402
232.7802227691511	4.158300085072789	3.3113965762763886
27.165422154036737	2.8563074176011893	3.124625079673644
13.705650584345175	5.745353756198272	2.5878404595464164
622.9638772213486	2.5398846893750573	1.2678887138116166
99.13218722808956	3.253254955770757	2.1285589122100994
833.5299015078429	1.991009713426071	1.3851146166067407
540.0489723506037	1.5862954068495274	0.017268946987678863
2138.3930223288685	3.621756883752031	2.578154903272928
3112.6259835593073	5.9005949481495685	5.640355787481779
456.3350761189351	2.6073016391027437	2.9692227406726266
313.42786381684203	3.605587695237977	2.3763785687454946
46.34307268038973	2.4687311869951496	4.699849442305059
24.854690619188478	4.005796273548494	5.5717467143348145
149.95837407875618	1.9498646351953663	0.833492173940291
-0.3679277449088154	5.715388945380599	2.194910587698496
58.41167622719146	2.6762793142386543	2.9261258181320473
134.3935613834668	2.1591058322238705	4.0176589484236285
132.07391002615157	1.8455395212631365	3.020605313900814
1113.659578589388	3.9573644908209937	2.2936322720567173
1529.3695856633428	4.0580577771536746	1.5662395682547736
1446.2523551685465	3.321096362933623	-0.02952081691655627
1001.5443959551767	3.6461848344104535	0.36663407403770903
137.27498763901858	3.8521464217679697	1.5640846707717355
472.69378690713006	2.450372704912135	8.274704207684927
-3.124896422030985	2.449572450200002	7.016858873494596
-13.152556784025276	2.6550574821746773	6.432528736851765
-30.593326133952786	4.868150080160618	1.7997568234240127
1066.3794087423653	2.84914366850625	1.222289026705588
315.68178976354307	2.1003662895156747	0.15714265162680346
147.99234041798343	1.8645192909063668	2.975817750584179
931.1919280637027	3.3441165492469223	0.43182103592701654
222.41234832363813	1.9159312635269554	2.9389992483539067
3619.96559729495	4.266955422672783	4.186655568186546
477.17320346166025	2.3782260345019828	2.0032278015997402
247.22720943295968	1.8381627761361503	2.6557337387525046
-3.7872868710130336	1.8698527742422089	0.9175370748129219
34.08343393234509	4.659013401076504	3.321156645201448
226.78618830082172	4.8484325051820765	3.6840455672428702
-33.2691250754007	3.9214201969372224	1.4020065069772303
-30.25047708589152	2.64600507915792	2.1139997444812466
130.0734573894625	2.202792429639325	2.663001442472829
79.50799139719106	3.8763708477241385	0.5840302663074424
822.5693745598899	2.0233997594222077	3.9034289063933256
84.39759613017661	1.4673196728188642	0.6233268508227149
1058.0555421175782	3.0022993528561646	1.3814017500070155
483.57974534158745	4.646039195044402	3.943539903284189
151.03210438611066	2.5731388442895646	2.9413008743220983
320.1565941164226	3.666314662812355	2.069882041615454
-8.130257671262513	1.943580278642849	2.3282762721821477
158.98011744458546	4.227492002573104	5.843950918299511
202.97623535074288	2.4590261707024346	6.548619121700404
88.82455448879602	4.053472483506784	0.0252048052482775
128.7942153629423	2.951084971910694	3.0559888030923386
666.9678470337298	3.3265052743616828	3.466361575075145
305.00053421382944	2.006266090065321	1.1107795975918826
2204.6021638168045	2.8218840448000053	0.11930872095220592
1067.8550133993158	3.1445846552265775	1.9863531295286543
782.5089213862427	2.739684347373209	1.096693312050686
275.9983623429714	2.7465521193615987	1.8223527756421363
-41.37553491882305	3.7153712142023996	2.2971384669629513
60.28735263844506	3.9773281087808945	3.7052018539006584
61.95374397663515	2.704574714954509	6.377273580650507
8.767603801278456	1.039299500647058	1.7917430292214476
52.10920924943475	2.1591284940949826	1.172067122027487
135.48814805410228	3.9464255727377324	1.516639075750558
1611.8810391765865	3.853533910659701	1.2890781403698113
107.58862914437874	4.336349220217193	0.9808098778286328
240.47478340213237	2.6073942177321507	1.5722009365852796
2777.044360941442	1.6211377832300524	0.030322117131560963
254.89596626363615	1.5053339200866018	0.29788848022279624
134.17350045669644	4.921887830474154	1.900043398030829
66.34270342077907	3.6888291488514633	2.993369594132119
35.69333351640206	3.220520681222632	3.301656953755933
432.896886031152	2.7338111338813094	6.34186478987372
30.67574597474985	4.790295942557709	1.7957463445168929
65.1135001533052	2.424297126284592	0.013922790762001423
85.87057194400649	3.0830818378329408	0.7000233687855011
804.6710999442531	1.8445584100376096	0.43950743472926657
763.1915805633648	2.0302610609887544	2.7048556598601436
1783.0739846163779	3.838158532003803	0.10047872557044792
335.4138041087896	2.0714657808450525	2.2045693721512847
567.2162423009466	2.704134505159547	4.100992332184488
147.48691553401403	4.9358228870625265	3.944323948594683
66.4158112484552	2.693705891388536	2.5581586599880333
226.71328694729112	4.682963053508867	2.264339602428768
123.43286558604152	3.23842310903266	6.406676737763107
-20.870642242835217	5.593203453273176	3.4860119054899563
19.320692137348612	4.310108448665916	2.058479682337888
59.0526046002773	3.0894376189991406	1.490412583807347
631.0696356598773	1.8454582131715063	2.8996928707357124
383.2059508907407	1.6635008598069632	0.9629301108354995
604.781748536351	1.9032225284202602	0.14058205454705114
965.8762256861994	2.2226222302472833	5.6434637773326575
98.77647291285248	4.601166038340327	3.8964151707317054
162.11034013582182	3.868267779079308	2.899242446012389
132.10381005077295	2.4754925539558346	4.209197943778971
481.1302986418133	3.7456314032669424	3.288170105352103
31.17779583842959	5.763710538414701	6.435667855526399
5.586580848103924	5.6585080264254906	6.537770450355799
56.37538166524511	2.842305841461837	1.0678519025061
132.18148716740285	2.176108925482744	3.271397124206805
1676.3561283815777	1.7498081702070991	2.7173354174458755
344.7159324078973	2.0515612817403097	2.3900854391067585
14.102089869944505	4.111353954246487	1.8963627944578136
220.46803235024936	6.114099109239288	4.979854451696915
468.1672435864699	4.716589605617222	0.6223724691905503
318.7544233272907	3.155161389708166	1.7218266854284223
136.48897045378922	2.8070960450532905	2.925763221768529
13.032643206143439	3.018335996383411	3.3522390132584996
22.259423199655565	4.114120647754407	1.6577844077867459
2105.1601334119396	2.955637212453869	3.483329316819152
45.4736345944343	3.398434660047588	1.8321319968645366
210.5637981237404	1.2114318260402828	3.2137653488600906
2613.5279610756993	1.8481475416110762	3.443723942873465
208.4920346589631	3.2494076399010114	0.8738839758363703
1614.5697210324477	1.6092548049044204	2.5232082090465657
2858.350107290705	2.788096483682278	2.9778733262417094
499.02970874743176	2.5434186960735587	2.6307692979706436
135.9833897851584	4.2421429640764305	4.505184407893636
542.0147998682759	2.4031794142385023	2.954467972736547
180.84780686963163	1.9510715084083474	3.126205498833023
297.1470784681294	3.2105630835496726	6.441035661842641
-19.35950181056676	3.9305700331432893	1.7460996352427147
388.18662298174286	4.111985085459072	0.02284219595740318
66.7809044231191	2.1510616634065576	0.2793730267390354
1138.2397955175184	3.8207414766865253	3.407565863667326
850.9394093509048	3.7207044341927844	1.995524410985146
455.80560435917965	1.864185675358585	2.5893237665037097
1998.5446487694412	4.436333855152649	2.973580451482105
1624.6907915975826	2.8529974219216254	2.8339358656735603
376.3596370692517	2.416430397872401	2.7288440579457327
1085.569628207846	2.18022695424466	4.672615248117165
29.80245211380241	2.455147140420817	1.4615548182958407
5.485694155236676	1.7484680569244462	5.508003548809941
26.085044358925398	2.3559706992791942	2.0725093496023472
1.2228029743457922	2.9809170587960834	2.0419214874577505
591.098477708899	3.379828062998541	2.531259341987721
177.00375052347462	4.104381999659736	0.36588210299287943
843.3633257526254	4.5924346608613185	3.146168080677148
1605.405459816105	2.7580490639264332	2.0134406929126256
124.21221536791788	3.954774470189905	2.993128595637641
860.6016572785621	1.266086329202298	2.959815362972608
295.4355835696868	3.167752433254164	3.9551094848451034
50.39392736750274	2.046344911020934	2.631643563603863
3.7449221974161087	3.94452745089984	3.6271296466739966
140.3918922532393	2.202572520969585	4.188808497856199
11.869365036373914	3.817398466791402	0.28217594871934926
131.98074029831287	1.9347638869100119	1.7783442278345056
1.0458861071620775	3.5944847798421087	3.247285725014296
628.6852024531468	3.4577502109578826	2.9476333442521994
1677.0242364849646	2.17985845405429	4.158559608748088
294.2048956991608	1.461605577261086	1.4713905317570803
1209.409447388517	2.062948192549665	1.3540833713053975
439.4906744660048	2.188371681569832	0.29656507254197295
345.440510504522	2.618795637399394	1.571645701327605
-66.45929631114636	2.6415504644733323	2.2601714085792772
181.14164392989466	5.188012520268248	1.5616136162253764
545.8324366828919	3.2600126631315307	1.031890211165422
107.39256625095555	1.8207411238656521	4.009901337452042
78.68296454386453	2.943380068411952	0.41615635833005
1066.7550478647277	2.1170989519042083	2.629779685395096
2126.005223288249	2.6720009863282277	1.2770365249131792
828.7832376608847	1.9732361012706787	0.8402036228278247
724.2448408126843	2.035313617420889	1.415303026059178
1136.7638386833164	1.215084007909462	3.931547691043832
130.8932506624115	1.1033533859917577	1.1122782366996657
863.7028785933253	2.8495300436446804	1.9423952735495693
219.5613911428754	2.12252923902601	1.274830359081605
58.55626602269489	4.371293294833383	3.2970960055092693
-1.7559741282006378	4.974356425163981	5.478264894191219
384.91050309748596	5.929069802041036	6.3706177233937025
180.95049472459905	3.0689022360406235	0.041193092797935774
1.029234515599444	3.253742625654192	3.7002549624028225
1662.6088229809966	4.037608903439203	4.534878966550905
660.8237777338921	2.137411701249458	2.2848869095234816
2040.1351320288618	2.8137856223132505	2.5021968728277795
1045.0327345563637	4.3772186666351285	-0.061738198002935986
326.5225040174024	2.4859502740027017	1.1054437441250957
217.1718390733738	3.08052011349848	2.678914919741745
122.54258826819604	3.669223973661088	2.5642548927310242
29.15210340351307	2.5632752337907707	2.4483783626084725
269.5950814328747	2.0214134211425154	5.4904100602604
384.23762468798924	0.5579174858305447	1.7905878774878434
195.2273314930301	2.905251044475894	0.9395969861587918
246.56376807342698	2.087728929836879	3.47733325288875
1195.4036806377474	2.340247326478552	1.385878780510029
356.03066234154653	2.8835210394949145	2.404651279884213
801.1271935648672	1.9374171933863684	1.4707973476736595
2351.8716329233116	3.985013820903186	1.9982844719863495
123.54952201726061	2.5848145905862987	3.6218823608812167
7.6711530471472935	3.5512631462791706	4.024719056801207
1294.7416643038773	2.704208928188304	1.4874205006062864
915.3526899172218	3.953206887676267	3.290287904421256
73.12397826209198	2.13221470172871	2.1413075207373873
12.519544001869317	5.747749738046975	3.570447828970906
165.97099538116845	2.666102188440335	3.4470635812233934
2341.515269249754	4.043090918069096	0.15144436632714656
103.10426452626741	3.469402195734961	2.501449624257578
354.2922680344648	2.855188022231399	3.0282283513150174
543.0661737798272	1.9318867254351355	2.493057250890664
1810.2723245752838	1.7665857323365395	2.524274823383879
262.8883159965968	1.0999503909697843	2.9844000862912923
222.80256850770778	3.813138441329851	4.147995401070036
349.4551221760519	3.8472483516732607	8.16024214688738
151.62920952795747	2.7961186765766715	2.2466361741143483
523.5374327207546	2.188279806661055	1.9581954704221785
15.153478494688695	3.943199841962418	1.5906152524901012
72.61763504902451	1.8251937750184126	2.272132499693953
140.95249549051863	4.102131040992687	1.398825279134366
249.9740396083819	1.8924441292278669	0.7059412959536218
717.7615763071689	1.3386403138936211	1.1924294803557536
3178.0327079839517	2.8393644442002435	2.5499462713411813
844.9403709998301	3.3641853585712416	5.52794439794123
23.261445451816307	1.436084726367563	0.30325535369405665
119.75951123659027	1.6194378648552166	1.6115362005913676
1105.2246832024034	4.193733987035182	6.42994021736687
54.566809495966716	2.7682615867654636	3.278630360396488
29.07373475181702	2.142114803691576	3.2458516189934103
370.4350579410844	0.5424105866620514	2.225995849995499
3.6498446477552022	2.654408949693725	2.250653823496092
8.788903350981485	1.0561205759672112	3.8469465412177555
144.32118867197727	1.7100629338739528	1.1823429778838463
1270.4631137348656	3.043272468250933	0.8552431107462686
2616.677256018751	1.8868940706365742	1.9129680581892758
177.129322493196	1.9523127283225272	0.4228135723695533
46.071404713866414	2.8527609714893196	3.735952289400803
319.9376021064581	3.7295945030180233	1.5593577232282425
57.094946576872005	2.036683875738685	4.653990826766932
62.7644189499843	3.9810977447723506	1.8009224354969593
55.3899719387339	2.253994727134364	2.143702038516264
135.4285050891713	2.3719328443777	0.766199105228202
632.7742957768936	2.6711043772895677	0.43922095891586593
20.403282531579066	0.5242270635959427	1.4371517589618703
352.1378321326235	1.7157123011385882	1.2088410299068408
153.42748345102774	2.2538330931593267	2.0361668847333476
1422.105541581565	1.522903143692914	3.3970093516622364
1504.2134130439242	1.5765940851184932	0.6450379551123588
157.3517314343266	2.6216013774044367	3.750689846012638
219.41147660594348	1.285389812540166	2.6581434001174093
62.55138445021349	2.9859476975674717	2.9158441008104306
5.444418799467747	2.5561263930888365	2.2736218989993824
-3.4113529099888	5.217374262706115	0.8489854846746302
-12.959457459152436	3.0571785348789398	3.0322634698144135
38.712317369621026	3.470681432178599	2.441397830250387
55.278693429295636	2.0929201973575404	3.5578397503141987
493.79494620151456	3.707756898503299	1.8680432633135244
148.54760724285777	1.5005279091240349	2.3474930293596254
360.60851535679427	1.8843846747319348	0.20250714902998018
135.60963330575686	3.0313276719833993	3.835610162062658
1119.9440000657398	2.6386113079508293	1.7971722948602613
1102.219531253671	2.9629541391330383	3.0276164107867998
-59.744959945425656	2.6773355554689373	2.816721683300992
-2.361763330756712	4.138970661025591	2.263304442291149
18.062295464543713	2.712222826146188	2.675407385038369
379.96651110008634	3.889756620746571	0.4023482289204579
37.09604464702927	2.9161899759272876	1.5491285229140053
0.7605261350819195	4.616728741239217	3.2858822917098354
117.83137202616768	2.653349695162212	0.12359728147164678
1128.901294041671	2.105935720133079	4.1865332083317295
885.1338207505255	2.304283247730037	1.9070235115651262
1024.5633230249439	3.3082021224978417	0.015577874944122003
444.5690996910995	4.283841812756442	1.0834526976188357
139.01308575726503	1.278270698338845	0.5735797435715326
-39.58156127005046	2.2182207976093995	5.046791538749846
-0.6978948933720714	3.2107401051463733	2.223900543904266
-44.29134438936071	3.316767790442665	5.792600828445476
89.48949872346782	1.42011489641789	3.357944667641584
33.457980701228294	2.874139983613433	1.4284915257929958
292.8122802825892	1.8912869375399297	0.4056289665555301
587.6341708206005	1.8473359490986807	4.492548756898016
110.73348785869968	2.2729773539200755	1.370335862108907
1095.3758450329678	1.6633553422731535	3.5396055012119607
504.2424567691533	3.0648110509543125	4.400622506787061
440.36899235451443	2.5509685241043867	0.5738391226118398
302.8832662331701	1.2854839804668858	1.841936345322315
31.644543619468017	2.6820362550267167	2.4481894684950483
-2.5663104523677607	1.8297979052099338	2.248865126864387
157.87137160773437	2.2281463029765973	3.9927325248231753
84.24646234989433	0.48220508376308924	1.9410275672827608
4.690308251892806	2.6726076088047246	2.0109618419388293
81.32861500752928	4.167777890002585	2.6199178864634662
1324.918777881204	1.7712129646223447	1.1359888352358962
1164.1922111888766	2.0405462665845366	0.8740106904998913
429.39224063777874	2.6051063606449936	2.3944197311843
378.0245057869313	2.842814403423399	2.9863866664472276
348.3044230863991	4.105241647239984	1.7975430602417677
1593.1862979401599	1.2616716177207539	2.6579208779970727
1620.960405397705	4.295100642931403	2.30445690911731
51.15973334415662	3.2790742804880137	1.4178316778036182
-44.41781106356852	1.5317642357414654	2.6774000398328006
99.77203059715714	5.465855974211891	3.348279875260916
11.6445982196617	2.601184553673165	0.1429905538762304
64.99244160476226	2.1677211969466885	3.114269538927058
243.32528440878497	1.5783852075948495	1.4022582129152652
1478.219856571823	3.7617296906916504	2.232113016232271
469.71883742120673	3.9541290947891556	1.852470798208325
914.5036894597041	2.853769980660168	0.009599354814051029
137.2905346687004	1.6051986853280114	0.7930072078885901
219.73120798619718	3.5147951858820754	2.592886115784872
1863.8396449194547	2.8012843517053345	3.8839489448611624
110.46838012628865	3.2369079354560233	2.196072183347663
-42.286361148856095	2.2100161662764477	4.5489023062826535
4.877585737580061	2.4552044432702216	3.521667625909542
174.5361656517135	2.6783946688642537	1.2478710570808729
58.26527203161458	1.539517511951501	0.6172190081834701
148.3626825848624	1.8725133313134745	1.268458588138135
1616.0014091150601	3.188864671237699	1.302048047857878
253.35537716475795	2.5950017244512904	3.551230049961627
118.7551160692629	1.3109960628076773	0.8502650408322002
108.05518955021088	0.6739299263667027	0.6233233317416691
224.4313878946316	1.7530564051014292	1.4980940946963541
87.21067098920031	3.7713860290835277	2.2697337153105743
34.764002699269206	3.6852957981775956	3.6439279378511857
495.75293901712087	4.348265981448353	1.509014853778555
8.205832649043051	1.6546395764586022	1.7698676010329468
163.5440906731984	1.4354885845230967	3.3790818019582503
0.8269208448128533	0.9045373820489356	3.1192585680922003
1107.7459844815012	1.873919811441538	0.43339082813668195
678.9374471612466	1.92619832138299	1.6023667762004274
1366.0915492008717	2.4281568313476067	2.8418938502895403
828.86963904549	2.0485794352850872	3.7339670642431897
2795.0511583432944	1.3274982894227865	0.46288964147598355
921.1356307092294	2.7625242463933737	4.868234166968333
109.96366639457115	1.0629775331895421	1.9625241441831311
30.695731484755246	3.9664608692542234	5.386005479626378
477.61089292924817	2.0179077316445753	5.517081553246012
130.7723450759039	5.334352396976653	0.2298791003128274
191.94712986408734	2.9066368479016504	2.025542357890199
8.557911694255418	2.1365455243553266	0.4255472235044834
71.71211838080136	1.6520654770984948	2.3454997715570243
1177.0191156856336	2.805961677637506	2.022946060455488
2178.6434701204503	1.7149538970827372	2.4351663784419055
1297.0194261171248	1.5867630039327407	3.4039318848657434
1.205642710400883	2.580804117718906	1.8554801430123522
1615.1442481961435	2.3341935463191197	3.3834542132232572
-50.03928964475914	2.2638567273592725	4.715531156185187
487.2036235899014	4.092603407599517	3.579405509376091
-25.491920917145894	4.134816360210887	3.08876118601538
4439.038370101082	3.876593840862432	3.2752128785629364
15.059103168212992	2.6382322025930356	2.0178790763955394
0.9134876059143144	2.974475993749566	2.6759004724488227
58.94747845642485	2.69131616795628	3.2280453980147623
111.38495692611836	0.9248219971964097	1.922636658591232
2296.248837998024	1.8596984935734482	2.4935231088855394
402.5153906961502	3.0087450984092605	1.0355273753698035
488.1851426178774	4.882786933201834	3.4846126097231678
62.95962105075853	1.466343448933386	1.665281911095227
63.939791592319686	2.251394409133105	7.580694004028873
34.03095845027093	3.1098923074166867	3.5819492096009977
-46.86948324643956	3.338356651831882	3.405425394196562
115.49382546490122	1.635984358005313	1.8110975510698206
38.91561256505249	2.6014577678384083	2.2598215483558723
574.8851171001954	2.1257404501848973	3.284328544046693
255.59452381594846	3.0362401355915267	0.3400476530486286
1835.7344112650412	1.7557706555908108	2.3572257148471865
