Flow 	 Preci 	 Evatr 	 ShiftFac
2079.9492169692758	1.6291294982844633	2.0169490224347393	1.0
977.6375373235204	3.27982924840399	-0.02868977542629007	0.9998333333333334
126.55940265473755	4.4739804227697215	3.4883711425490653	0.9996666666666667
110.56042294257068	2.947703767427622	1.6149392307958212	0.9995
5.511023611485632	5.046448618936778	2.3074346451116563	0.9993333333333333
30.34672015341048	3.6741381650608815	2.7616184385476807	0.9991666666666666
14.698459665919374	3.9195892867385522	6.340395445174053	0.999
97.2442179710176	4.0391750056624165	3.2208779527838898	0.9988333333333334
-4.169700218252956	4.57646816651381	2.8147190499105728	0.9986666666666667
584.9996893469028	1.416852027686956	4.1572510116675465	0.9985
658.1368153917653	4.09064346223653	2.8711112688708877	0.9983333333333333
1088.963680603274	1.6116839218851968	0.29228096277223037	0.9981666666666666
297.5476682338302	3.8619357660041405	1.9522275370688424	0.998
1234.106711020707	6.740889723175274	2.44711435479191	0.9978333333333333
816.7099430676931	5.205104570198005	3.976055349564583	0.9976666666666667
134.34946395335083	2.237591003340127	2.556838752659768	0.9975
-28.853595330769323	3.8297884830775777	2.3646669328312635	0.9973333333333333
-0.6717212151459608	2.4904051178184163	4.5461768633756865	0.9971666666666666
1033.537709528861	4.021381924891468	2.119982885694415	0.997
130.57399516114748	5.944254188587695	3.1153833292776554	0.9968333333333333
51.07498324921188	4.431553427682549	2.318989513090167	0.9966666666666667
59.642694591881316	3.26180778120874	1.5368482143595825	0.9965
245.6167270316	4.149483885155235	1.975845011031424	0.9963333333333333
843.6947600022555	1.6496159448690961	2.3207615558665005	0.9961666666666666
1242.1709121296751	1.6916397618383536	1.48297286540742	0.996
1736.80295323816	4.088573367370331	0.04259255671713893	0.9958333333333333
487.20852197285467	1.0643102579476764	1.868798032359446	0.9956666666666667
304.0058335082394	3.363969098799631	2.7121349057699917	0.9955
60.89850979986798	3.6961835837908867	4.202877761314483	0.9953333333333333
512.43168643689	3.8292849837017178	3.4520942699027857	0.9951666666666666
143.0710913875836	4.1458145276798	2.10491171814636	0.995
-15.776012781229486	0.9161129418450806	0.18645906112056282	0.9948333333333333
766.6245309468932	4.572840782580576	0.6633008293193023	0.9946666666666667
75.2013126654653	4.854379933812642	3.128614058612025	0.9945
1089.7790125779868	3.419085517414698	0.24030685772332097	0.9943333333333333
838.7983782080528	1.638245929694414	0.8686258334704094	0.9941666666666666
2150.140145056533	1.8885404231402938	1.4477544647390392	0.994
2494.862157667038	4.465148691711989	3.9806525738064558	0.9938333333333333
210.84630146302322	3.6360013707265884	1.1077166134104859	0.9936666666666667
1350.3286630989517	2.804310716471961	0.7379562799793659	0.9935
210.0169409759052	2.5503019162743383	2.7902254996810316	0.9933333333333333
669.2080327720346	2.48697240801797	3.3144435529366105	0.9931666666666666
270.3352855585811	5.018138230473393	2.133853314764039	0.993
92.33126017001948	2.4508753769551777	1.8646573160861346	0.9928333333333333
49.969971277380985	2.430720300420182	1.3703797249278387	0.9926666666666667
40.04960767758186	2.3915419409975103	1.3876949820154005	0.9925
2029.36095603102	3.3726550600374208	4.925124914005175	0.9923333333333333
1870.5475577719396	1.9601523702542074	0.9404867658803023	0.9921666666666666
1354.3666818321967	3.323193259352841	3.515085463881124	0.992
903.08644918035	6.528179805463589	5.4526993750949515	0.9918333333333333
410.7828886830684	3.585715165760681	1.7351600635741238	0.9916666666666667
216.68043682342878	4.760428644643928	1.8258436637694972	0.9915
42.34130049954831	5.851559157851602	2.1923898039504723	0.9913333333333333
16.780987821260275	3.2605569301647517	1.555003849307797	0.9911666666666666
39.78353895869187	6.0519324559122385	2.476212898325874	0.991
14.257909360791539	4.58556238810816	3.3791010609632863	0.9908333333333333
36.702791147341564	2.7284264778695	3.5160900659000602	0.9906666666666667
2330.3902184595	1.8236273438653305	2.040134566857999	0.9905
232.36486459506503	4.498655735146081	2.970776792109341	0.9903333333333333
753.4983295945462	3.960207098348401	3.8376815744782036	0.9901666666666666
1405.8966924459723	4.930072727692952	1.9054184900519677	0.99
3326.3452512832096	3.900202303180769	1.9180820115371007	0.9898333333333333
888.6447667938785	2.6427410198366026	2.177384500272477	0.9896666666666667
1020.259197948823	2.7822251249432908	0.7193899258749554	0.9895
920.489508328097	4.538074038038638	4.763164033599771	0.9893333333333333
20.16688075930816	4.142872705414194	5.796962534345312	0.9891666666666666
39.922626911815826	2.554734066643621	2.0335336781014535	0.989
109.82131401272332	4.791312388094664	1.3643899974774047	0.9888333333333333
156.29820054851837	2.6175148362312464	-0.04915464643709221	0.9886666666666667
142.8112043857614	4.381881752562532	4.050010189346279	0.9885
153.50931472623714	4.009503672911725	2.9484536527018683	0.9883333333333333
1838.1484819248133	1.9448258929722642	0.8264822264003344	0.9881666666666666
803.4776734323264	1.8468479824034996	1.7276900907277521	0.988
1175.426956383918	4.969009831355396	3.9395425242165074	0.9878333333333333
1732.5920918449926	5.163157753888554	1.445228392580329	0.9876666666666667
224.95501560320216	4.319837888636877	2.9244973419494174	0.9875
40.101502441556924	2.027710769561194	5.607544914941831	0.9873333333333333
35.99635174435755	2.935617143161782	2.255306590022779	0.9871666666666666
631.0019013207743	2.340537743513446	4.2163980584662015	0.987
71.32520963297021	2.5570585565027906	1.7928695649217643	0.9868333333333333
36.527623579927635	2.41303458026908	2.239919892040467	0.9866666666666667
589.8449274903553	2.9530458200016962	3.465758592856682	0.9865
721.8632021389404	3.1149931957883763	5.265103830496793	0.9863333333333333
1841.649797604171	2.255486689099733	3.748337020102312	0.9861666666666666
1054.989813521734	3.842750595973106	1.9182273365829927	0.986
222.05110970735075	3.8461024751419832	2.7551907050539195	0.9858333333333333
1871.8094755666323	5.169809360749025	0.21629131076435196	0.9856666666666667
335.23602872210705	5.130042640749706	4.298110365607955	0.9855
910.9337346540798	3.9621120984227143	1.7847423045445046	0.9853333333333334
0.2953445879665211	4.60412771718995	3.498468377031564	0.9851666666666666
460.77735784818935	3.1542511822970027	1.9246710508319527	0.985
14.037977137203375	5.346073508666443	1.794146465797867	0.9848333333333333
71.18791186069345	2.5726725947673246	0.8630903930408484	0.9846666666666667
85.13110431430188	3.255538985104534	3.161269395802669	0.9845
244.6679486182981	4.067243754196618	1.861649044640626	0.9843333333333333
826.5418030248762	3.188542584205957	2.329525732686923	0.9841666666666666
243.5256889298563	1.8974059702730977	2.8752554277856026	0.984
3186.037463842354	3.4938372870899577	2.9911832774795286	0.9838333333333333
152.5795773969716	5.361260083357327	1.1169570912381783	0.9836666666666667
326.5088273293466	3.228846012892174	1.04960298863459	0.9835
626.9723001697291	3.140207715768354	2.249711293459946	0.9833333333333334
463.7227868371001	2.6983244275095446	3.31190170613047	0.9831666666666666
8.328786202394005	3.116349544766792	2.1576188847331794	0.983
104.34915391817637	5.9949929279722225	1.4299988641587729	0.9828333333333333
660.5499797472182	2.6807240704726136	3.0434353411817336	0.9826666666666667
2438.337516244972	4.824752115001845	3.144901038645715	0.9825
298.57132587188937	2.735303563150624	0.5726677667118959	0.9823333333333333
359.3066176958242	3.175263053402883	2.708751038106813	0.9821666666666666
496.875697508434	4.031928370721851	2.5241693607715385	0.982
1053.9474947374508	1.8635575021562147	1.9212753352554868	0.9818333333333333
1922.1726308340812	4.209388049727889	1.3928156517192787	0.9816666666666667
74.99189307563879	3.7419301830310983	4.090268883450802	0.9815
237.6925261448831	2.5754466515241403	2.3464277010584613	0.9813333333333334
1025.440646176636	4.588940020464136	3.209036273473941	0.9811666666666666
37.309757672854246	2.5191319839259334	2.038131803645929	0.981
27.278992969139388	2.4422320249540235	2.0680951520061637	0.9808333333333333
38.522879530110686	2.673973385391879	2.2581077363398303	0.9806666666666667
144.44030387974277	3.262294795562205	2.4486553705189236	0.9805
968.6499909533644	4.126328249781485	5.05646657653886	0.9803333333333334
1885.4785041601701	2.6267651441511584	2.4828047256397068	0.9801666666666666
884.512626719086	4.012155589893189	0.37569234900350934	0.98
1099.2964833578458	2.185789715987964	5.657750592059372	0.9798333333333333
2001.300440554975	2.2518538882347063	2.8165914739201456	0.9796666666666667
3.449686044746926	3.0891774575199196	2.8778121727592847	0.9795
11.278009370234745	2.1537071062963467	3.0859710190765224	0.9793333333333334
441.40879079754404	3.5315883288709427	2.4877555768397457	0.9791666666666666
175.5167280284609	5.393164870370804	6.3649451403772295	0.979
241.71591350362175	1.743049846919575	3.4067398588002944	0.9788333333333333
180.95807195579667	4.527863918585353	0.8564964467110887	0.9786666666666667
135.78338626682046	1.7764969481471258	3.299663840786404	0.9785
218.12372681634116	2.7913387889254335	1.0029347597763296	0.9783333333333334
1870.19537994523	3.149736507403369	2.528859231807795	0.9781666666666666
814.3049624289766	2.9881683703922204	2.5246782720385643	0.978
2158.8212347056624	3.0034701024730137	3.1445568576405987	0.9778333333333333
488.17118652372665	2.6227573083947493	2.747053648339098	0.9776666666666667
1521.1680400281587	4.044446485971539	2.6962060248938857	0.9775
219.58333385802757	3.653598997086523	2.212374634513703	0.9773333333333334
70.49584365074566	4.900015208819221	7.107728996068173	0.9771666666666666
29.60153794554238	2.26939730210216	5.744209195170463	0.977
145.97705872966807	4.834209017851592	3.024712156313921	0.9768333333333333
65.72953242943728	2.5109200327856125	0.03185459166851185	0.9766666666666667
593.42686712964	3.4763392589676725	1.0358874228707042	0.9765
136.06539098658885	2.3316000959546432	2.2462323447255947	0.9763333333333334
792.155976778119	4.505905709727443	0.23489329776064377	0.9761666666666666
2152.954588682164	3.161592268222201	1.4050838467126447	0.976
2028.5287052761496	5.198586033234317	2.9579732166908017	0.9758333333333333
432.9923679725844	2.6348305234655354	0.9771537292257912	0.9756666666666667
290.0553106987907	4.304834133870605	2.735727845357325	0.9755
38.956947063016116	2.4393772785071848	4.045595399028581	0.9753333333333334
197.71175137941128	2.5525558603114535	3.7323834935751825	0.9751666666666666
251.8629691806086	5.729181677380838	6.3002686476991565	0.975
-17.474163222907663	2.4271343864199997	2.5914691994601107	0.9748333333333333
155.5493716419134	1.543170684416275	2.7069946985495403	0.9746666666666667
5.458237921313871	0.9623935654362756	3.1770574861199687	0.9745
365.634606808751	1.7545592575024638	2.987372918636476	0.9743333333333334
322.75455935340204	1.5909896896584181	0.7814777513469564	0.9741666666666666
2801.749379558977	2.0444399385661804	2.543940440682857	0.974
861.7911056045866	3.749963014557021	0.03348718423185443	0.9738333333333333
79.41227692893676	2.5277919591411178	3.420923776980747	0.9736666666666667
112.67208016467288	2.7672873523112904	1.6524244603115648	0.9735
112.48260251781906	1.9874180041999547	2.905286648430926	0.9733333333333334
197.07806344775918	3.8465441885782843	3.4483936984122328	0.9731666666666666
140.22296706254153	3.3026977202010173	2.7977952443579275	0.973
418.91939224969445	6.6125872720929015	1.7998651300448107	0.9728333333333333
161.74827656691093	3.635381610413081	2.2543480951282038	0.9726666666666667
594.4199114864269	0.9981829181083146	1.93198092232334	0.9725
1113.097918342881	1.788093072447495	0.6124242881748957	0.9723333333333334
1646.0043803377198	2.118233812028532	0.3149414459195572	0.9721666666666666
256.71307710190837	3.313688141985963	1.4429794194229384	0.972
1167.5271465256737	3.5891820905988485	5.573575391526169	0.9718333333333333
641.7886655618889	3.4167747784047173	0.3348675170388852	0.9716666666666667
146.5720910322888	3.509673090763267	3.5139421443825594	0.9715
239.35261923163023	5.621696906395629	2.6456905375265674	0.9713333333333334
-0.5586870045705865	3.9733474418026873	2.3430590688459962	0.9711666666666666
20.87471653152242	4.499911699080456	6.083437813198758	0.971
23.834273791230146	4.183022057840409	1.8706781681008275	0.9708333333333333
79.22608882849045	2.6707456687012026	2.0461252628690016	0.9706666666666667
654.9948561538827	2.2811214077581776	1.2426732210205742	0.9705
1199.7322243765982	3.899720939818626	3.396974727720635	0.9703333333333334
150.7952900457386	1.7454483214491743	2.196584279101889	0.9701666666666666
1109.8223657954072	2.019633788420377	1.9468087679291093	0.97
3881.9290448683014	3.0105179176850405	2.966492384124964	0.9698333333333333
1792.7379028943571	3.5502197559622912	0.4768398383112805	0.9696666666666667
20.0036175921203	3.1686967291348735	1.657685525024396	0.9695
61.262349529412305	2.106153002183359	3.037893082110136	0.9693333333333334
28.9012559830645	5.387580067589166	7.360136212621905	0.9691666666666666
150.24115059780902	4.46804379609442	6.64711248927203	0.969
104.45742622551334	7.384927122820463	3.365403871889193	0.9688333333333333
1.8413979949923467	1.8873501980552245	0.8470079832640673	0.9686666666666667
472.359256814694	1.924370002622097	0.6709051766252461	0.9685
645.8598169498994	4.267902935172985	3.424829327351531	0.9683333333333334
824.530307183384	3.0295383616737523	3.0079592865116975	0.9681666666666666
2121.3221372801677	1.9052401191459543	0.9400484014429297	0.968
1279.827775021587	3.651452667384077	2.4158582079075823	0.9678333333333333
97.76276735583504	4.6086893647124	2.852458062250559	0.9676666666666667
295.86214481483415	2.165071033526986	4.283914600572351	0.9675
217.9803643666895	2.3616900514230066	2.411033190550738	0.9673333333333334
41.231170471630875	3.0580759697641993	5.956775842775924	0.9671666666666667
32.956567030050614	3.9009197603595833	2.7595600121949095	0.967
8.341588686078198	2.3990633532413765	0.7300929567306234	0.9668333333333333
22.566625190787757	4.476828138083069	2.264903550300524	0.9666666666666667
2.3244910122425155	2.12407102657105	1.3601345597551275	0.9665
339.5617837250855	3.394276703668318	2.867951653361488	0.9663333333333334
869.5675918290235	1.549808093197564	3.7678168042290907	0.9661666666666666
589.7629246599308	1.9087632274125959	2.056650576883633	0.966
106.8872753595552	1.7180053414712728	4.2385894046910115	0.9658333333333333
124.54770057000738	5.621364780487971	1.111163198448086	0.9656666666666667
322.9934037462694	2.775188501584093	1.5443512784599103	0.9655
49.73529087971118	3.763828504356672	4.80748104258674	0.9653333333333334
28.376153322493742	3.988632917466744	3.2669822596900433	0.9651666666666667
-47.65232566361443	4.194318435206488	5.538006222167372	0.965
-1.9295885107373572	5.830722643454926	1.2635961876419257	0.9648333333333333
35.51072277371605	4.467872782238481	1.3600396609607641	0.9646666666666667
40.34112695440299	3.2795481332241514	1.547955714505388	0.9645
136.84196237936794	2.3967734323293746	3.115731441553704	0.9643333333333334
1105.535215521924	4.711677648448445	1.314134753805341	0.9641666666666666
1344.7349767099943	1.7496066252085132	3.3580746122749074	0.964
1145.7517733659995	7.05687742993603	0.8332874874592082	0.9638333333333333
354.3905189231157	3.597828396345895	0.8172255923751474	0.9636666666666667
133.1166102723838	3.131749359468139	2.2436553588581383	0.9635
70.98707580294973	2.2223157387833967	2.778381907997419	0.9633333333333334
28.57216939402567	2.5490821990692374	3.4439834417338115	0.9631666666666667
970.2229466619364	4.58386748597947	1.8889327735904298	0.963
40.81408812849621	6.0038661240118705	0.21500837798119463	0.9628333333333333
1367.778713053845	2.9005517922969553	2.2998678066221645	0.9626666666666667
140.7145183940824	3.6157469716975585	3.3071558193784427	0.9625
189.27723903384936	4.113687780493459	2.984831144052349	0.9623333333333334
1852.5605010826068	2.0838669381401047	0.8076894736652431	0.9621666666666667
2318.4061103306317	1.924669625682123	2.44076446578652	0.962
3174.9686064608154	4.379469676016709	2.155493156741852	0.9618333333333333
85.56580160282984	3.659067923414462	0.6754404187378255	0.9616666666666667
134.0778814828789	3.162582984895669	3.4534220491161403	0.9615
247.31464164334025	2.043634177833854	7.3528010158280095	0.9613333333333334
0.09408331275655524	4.798657595826545	1.0340485434036475	0.9611666666666667
1102.135629876631	3.463272698934227	5.464240421216741	0.961
150.4721301023768	2.049340305176167	4.545834333458417	0.9608333333333333
27.14327553741907	4.386397012065807	2.001633578372901	0.9606666666666667
251.0225582927992	3.2000143778793104	3.2836085215903874	0.9605
137.54740995175297	3.633866462057222	1.199224110830333	0.9603333333333334
772.3922294023488	3.986049915694855	1.9012262341092538	0.9601666666666667
729.8972330523598	2.9524287916099285	3.2772725596029884	0.96
1091.2952695665085	3.6465134054158472	0.06336270902789827	0.9598333333333333
384.9374347274515	2.6113592662749325	3.950338690816057	0.9596666666666667
381.6424646793974	3.5277081892210043	3.7960270724496166	0.9595
244.7181758403159	2.094685982349234	8.720797073469294	0.9593333333333334
263.87634109700474	3.2382544066143057	7.169236417509799	0.9591666666666667
247.31672245686147	4.250615489359792	3.4344674596736127	0.959
19.044410916982493	5.824461411912875	5.959003603848783	0.9588333333333333
12.941497543935549	3.2978821685871593	3.4737757655238224	0.9586666666666667
1.0869345587732167	3.7238853558289002	1.539941616026903	0.9585
267.9426724065791	4.082414553135799	1.6355390373996235	0.9583333333333334
1882.007835829662	1.5640368891561742	0.7862171098187136	0.9581666666666667
3230.1398242520363	2.463148401472579	2.7228311046690554	0.958
3187.19505424812	4.3129997048418	5.665107880611076	0.9578333333333333
909.9292226863679	2.3961569604262603	2.519267112457766	0.9576666666666667
136.53935847061965	2.807495998802501	1.6602454581683022	0.9575
233.09117335609915	4.41914523793796	4.689439651081697	0.9573333333333334
213.29352141139518	2.9704808408654166	3.2656910323842374	0.9571666666666667
216.8181388117769	4.16209616592717	5.196339833412597	0.957
2738.7785062962203	4.759670590555555	0.3497170148938566	0.9568333333333333
116.00814154398975	3.17514596024777	2.248060099715092	0.9566666666666667
201.40892932879163	0.6512177530117232	3.687251806311092	0.9565
167.58148864877379	3.856176239787937	1.473151049895103	0.9563333333333334
361.16657793165996	2.916340895902437	0.682643672991384	0.9561666666666667
2089.1778405973887	2.606333808245348	2.4859777651628026	0.956
1280.209804431543	4.932206178709097	2.4153361130780695	0.9558333333333333
2511.8501478533067	2.243817717449163	3.393986334219438	0.9556666666666667
20.564021266264	3.7712587627253744	2.8637139752828347	0.9555
116.27759038268731	2.5131717087202485	2.5710031441693504	0.9553333333333334
29.450028707804766	3.9338474996115123	3.3413253271579566	0.9551666666666667
-7.575509609770518	2.3848978262423075	0.9378668098268022	0.955
13.287976954016909	4.690543882531878	6.5125247090446265	0.9548333333333333
136.32001841181057	1.8159144508399994	2.311039067578347	0.9546666666666667
2227.584542136289	1.9433533564990493	3.097716314648719	0.9545
251.5620651199976	3.3733058990750613	0.6310144231042224	0.9543333333333334
252.3572821242281	2.8084265827544996	2.3227824210801655	0.9541666666666667
2116.319971227163	2.4537235697427406	1.8985195293569934	0.954
1621.5850978981755	5.792563891998525	0.875571367191656	0.9538333333333333
835.8850388378892	3.6879177353665393	0.7020872596766652	0.9536666666666667
1537.127385953579	2.7348912978192734	1.8757067412232076	0.9535
344.8282040746153	4.073640630429709	2.695471217859077	0.9533333333333334
6.76865080972424	5.676336078940577	3.496999322384015	0.9531666666666667
480.7774764293556	3.5679339456145347	5.036141896358609	0.9530000000000001
374.9474116261797	3.3236804071550563	0.667344169026739	0.9528333333333333
-13.150975435045646	2.616972318712511	1.2366303989477538	0.9526666666666667
1950.8189102318738	3.2930372859055996	2.505208813259114	0.9525
209.66011626041538	1.8582469791277196	1.3762567267443848	0.9523333333333334
1862.3984954262064	3.776161551309376	3.974023409922697	0.9521666666666667
1000.2015581112852	1.6276495972070655	0.09033122739002301	0.952
377.04063153338666	4.536197521421556	-0.0069498078434368695	0.9518333333333333
1083.2716517727479	5.519717263809006	1.7030944451285184	0.9516666666666667
988.363939464797	4.60098001917476	1.0158200978621474	0.9515
711.8296091556023	2.6785635516328488	3.1055225842396	0.9513333333333334
29.714433935435956	4.740071279430646	1.4042147998164696	0.9511666666666667
71.57781242787098	5.125747507645168	3.465277946484194	0.951
90.25832597121621	3.935237966060872	1.8705760924906392	0.9508333333333333
151.36506932609402	3.1679273332152698	-0.02948337197850718	0.9506666666666667
0.9988753975983559	3.387474491654682	0.5937675017138125	0.9505
92.93092391360689	3.8152461863769958	1.8413216174353355	0.9503333333333334
778.3631297382528	1.2940292613780335	2.580988280050763	0.9501666666666667
253.36219331684234	1.8686489870577647	1.332933514683707	0.95
1528.5406355025855	2.227268124544941	2.9694302556981826	0.9498333333333333
534.8164560203351	4.028356310036877	3.776647762330167	0.9496666666666667
192.87133383971712	4.03934938975611	1.9470949901984507	0.9495
231.4522401403835	2.1301684569742547	6.76000467124882	0.9493333333333334
28.729412330536913	4.331415853546351	3.0384761628627563	0.9491666666666667
44.699284780757075	4.147518673363095	6.312958351769412	0.9490000000000001
146.1131564334798	6.070951187433126	3.4697042077864473	0.9488333333333333
177.6587604146506	2.5134613857393444	2.7033562423187645	0.9486666666666667
84.64461637651169	3.220010561116485	3.3729043579721676	0.9485
91.24150397060119	3.822434024950375	0.3468487650112697	0.9483333333333334
835.2577409298764	5.013432235403933	0.9319003138826399	0.9481666666666667
1166.464129554621	1.899162702836175	0.8443855401573618	0.9480000000000001
351.79988254177783	5.051647794556416	3.557044911980751	0.9478333333333333
66.51706465733952	4.682044201136698	1.1007537518320476	0.9476666666666667
941.7717584414161	4.717959450848951	3.921941175339607	0.9475
315.1476562065486	2.070898874963824	2.309290625899168	0.9473333333333334
22.978130165828492	2.610608010630002	3.2672819577093715	0.9471666666666667
310.72569551303224	3.37368017166319	6.158950707912908	0.9470000000000001
308.91341015992214	5.259907190752663	0.6745299199713573	0.9468333333333333
133.83372307016523	1.3680990151415524	2.2476103448396962	0.9466666666666667
306.9706896320679	2.5981187710706366	1.923992644563555	0.9465
19.317225656110967	1.8484577574519325	0.5981085736979932	0.9463333333333334
2579.5356996204678	3.947624531539705	0.4521985509829839	0.9461666666666667
498.11779004752077	2.5488223554127645	0.06755107980910767	0.9460000000000001
3889.97862610048	4.159033987005126	2.9994995602141663	0.9458333333333333
505.0001241275991	2.606416180288254	5.182332597148634	0.9456666666666667
249.2870350342263	2.823621551962728	1.552760411698299	0.9455
53.91073855547343	2.257733250489689	5.121546772254306	0.9453333333333334
27.335764317480653	4.0582833488339265	3.699719145008376	0.9451666666666667
-1.146619076144562	4.134064549632764	3.134806326457195	0.9450000000000001
38.257066318311004	4.191022853631556	3.123874830161418	0.9448333333333333
92.19399861920536	4.405215675666778	0.8587170430453026	0.9446666666666667
57.04351099072119	3.682812920986707	3.297949243788649	0.9445
676.8162443347542	2.6165043070223164	2.1009862296892003	0.9443333333333334
314.8919791613256	4.679990704414478	3.971255262851865	0.9441666666666667
1613.5921810046214	2.854921347631883	3.023317793138096	0.9440000000000001
1062.4917695274646	5.015044179639913	3.599386661358409	0.9438333333333333
1767.2421206008116	3.6874939703203053	0.43909173533524837	0.9436666666666667
1548.5154740530493	3.5391074498235953	3.8048497113501867	0.9435
913.3115959718004	3.43548260330575	2.8655360842181974	0.9433333333333334
469.59056634700545	5.763331371311949	2.3076281632610955	0.9431666666666667
27.192587324905862	3.3414814212449846	5.748126495546491	0.9430000000000001
73.1109222521652	4.198640750983378	1.795172788249522	0.9428333333333333
20.419523692646095	2.8525646531762336	2.257825849043516	0.9426666666666667
604.2788708815644	2.1609846144130063	4.0152300950951165	0.9425
352.014263426626	2.0745715164020315	1.1629176480299541	0.9423333333333334
351.9581700002175	4.038558362254956	2.043702686068475	0.9421666666666667
756.7964186590716	1.8669593149425956	2.5777919451444613	0.9420000000000001
965.8643713024069	3.122823346442793	1.916925407824321	0.9418333333333333
896.493722283707	2.600030757950408	2.0436958982745197	0.9416666666666667
133.960889868455	4.416825829752479	4.420960945770496	0.9415
331.03014522333456	6.456442843235524	2.9102781245714353	0.9413333333333334
96.39529037351413	5.310898624068589	1.610146624261121	0.9411666666666667
22.90175806982738	3.1875910476808316	2.6838191661388375	0.9410000000000001
-9.473516402710066	0.706097966395532	4.023497973505716	0.9408333333333333
39.019220889845485	3.974031885274369	0.7885077717731844	0.9406666666666667
301.14673589382454	2.0378881613329796	3.2795572818830707	0.9405
1015.0497178441717	4.113031208133553	3.2159587734005015	0.9403333333333334
143.2270003149786	2.345414295378139	3.4256116449828635	0.9401666666666667
325.965296203892	2.386016833279803	0.8054781744998929	0.9400000000000001
2297.009536039472	3.025574961273914	3.2688800945819936	0.9398333333333333
482.97639960460896	3.6864373349846953	5.192041670763604	0.9396666666666667
145.44313580651342	1.928717166808359	0.7637938650427545	0.9395
54.233332067740676	1.6776718034041898	4.804450768143282	0.9393333333333334
159.48127927936213	3.2337475222121963	2.297458172401987	0.9391666666666667
22.324668750164456	3.176661734073167	3.2211466676991374	0.9390000000000001
-56.69468457279227	5.691347900650621	1.8536397880799111	0.9388333333333334
51.70094232471984	2.797557539103315	2.0648981148067755	0.9386666666666666
374.6422736553457	1.3621246814363208	2.1487552195807185	0.9385
63.2055089843949	3.35798828536575	3.1502645568618797	0.9383333333333334
1143.902735819554	2.7717299450968906	2.306042178550062	0.9381666666666667
2450.0033157761095	1.5262618701535429	0.10680737281804832	0.9380000000000001
534.3374387424415	4.698140225465897	2.2736658133168772	0.9378333333333333
98.98838976716193	1.4950105388918207	1.6965337742226587	0.9376666666666666
300.91875869458767	2.7498707074120476	2.706218926745466	0.9375
39.33242143320843	1.5276189996929728	2.4350109154227852	0.9373333333333334
37.625445055810154	4.692015870735013	3.3025028358431667	0.9371666666666667
-15.254494240494747	4.123259505749275	2.041157756253546	0.937
-47.83756682031325	5.346459732752255	2.1191434617299	0.9368333333333334
38.01103087225723	2.8525163441610717	1.3169711476838482	0.9366666666666666
54.01762004566748	3.6283617303525975	3.2949997316762305	0.9365
1638.7082407927826	3.1704727549774727	3.0477890449136056	0.9363333333333334
163.5460709158784	1.4956047303599072	2.3124498764293793	0.9361666666666667
875.955824885242	4.225555832528442	2.9123558071022355	0.936
659.4599688309224	6.09911140615026	5.66114128716592	0.9358333333333333
880.0905501355325	4.418689002665064	3.954601907806966	0.9356666666666666
1608.402331179329	5.4941964077952425	2.9960624990293683	0.9355
212.96906119977055	2.4095201219346056	2.9116418468089074	0.9353333333333333
197.9995372259133	2.6734322602610647	3.6857369744376616	0.9351666666666667
147.9387357703487	4.982387006144196	1.6373986542207404	0.935
-27.124676111551146	4.1652796866764605	1.816557830846391	0.9348333333333334
10.138501486412352	2.7442804856175345	2.3166124939168062	0.9346666666666666
291.80559234802024	4.705785514498449	3.1278371264264258	0.9345
708.3505298998844	4.09587292691263	1.4504592622710568	0.9343333333333333
1083.5601512842425	2.887118543913234	2.988812066108579	0.9341666666666667
2288.720687350811	1.8297089576400933	3.1690271335098257	0.934
1185.5607684538916	7.069072744390168	0.11934789329326802	0.9338333333333333
586.0963608194709	3.5841250411000414	3.7799736874867067	0.9336666666666666
360.20463003704646	4.614620395458826	1.9344807753987108	0.9335
136.76434287223654	1.620428893330262	2.5706094817196585	0.9333333333333333
61.620808476117865	2.310350406729996	3.7109273138532983	0.9331666666666667
525.29533054705	5.252116466122921	2.6491420467840876	0.933
4555.895381599873	4.977074725077229	6.4662542740572295	0.9328333333333334
20.574244756916467	2.666008096024641	1.2132124987571162	0.9326666666666666
57.51291994043391	3.5574984613993124	2.0698658093261586	0.9325
345.5436418344665	2.199379769976631	4.586374794762804	0.9323333333333333
1885.7577305932762	2.1186248931441267	0.5814010890609725	0.9321666666666667
3010.9116369934254	1.907462249320082	0.6404735555766898	0.932
1932.5439854976512	4.168925716051583	0.07820944641134658	0.9318333333333333
881.0875031477478	1.9722712376901212	2.0159231424440867	0.9316666666666666
281.7993467238757	4.636328857402134	1.6598708503875585	0.9315
325.1866998574043	3.4233576737877707	7.082674209189876	0.9313333333333333
174.3625531764163	3.2244288024180183	3.3354778506253333	0.9311666666666667
-8.70432314931142	3.3726216636370885	2.1528643967195964	0.931
155.63682134283994	2.815606308884047	0.2834541056529203	0.9308333333333334
19.446510873633194	1.8720399564814538	2.3378261270145106	0.9306666666666666
62.18946201708898	4.688199453699248	2.322711964505315	0.9305
625.0287992185871	3.8591164289240814	3.3214470741848907	0.9303333333333333
868.1071566752497	3.9570417928791444	2.314412829471294	0.9301666666666667
76.6412843565156	3.9117428787347746	1.9309972363333763	0.93
1119.8483215639565	5.287355022736736	3.726837534357	0.9298333333333334
2156.1211647595906	5.421220054824106	2.9719017404682386	0.9296666666666666
328.78040221251365	4.952503833863197	2.9925577522409696	0.9295
767.2035418938517	2.1870190576957356	1.8977159187216153	0.9293333333333333
219.2543971491374	2.2288896211653904	3.5105019399872224	0.9291666666666667
152.44761013947996	3.1270342700923752	1.8188359189111996	0.929
390.47379099014654	5.207431822137303	3.374173381765636	0.9288333333333334
24.410358392656804	2.654369520719416	0.002630948192833143	0.9286666666666666
84.46654273033657	0.959316116397126	3.935922331196651	0.9285
311.95263007693774	3.3220860358735584	4.982964987810799	0.9283333333333333
1127.8344479745738	3.1249653507988366	1.7434477664585002	0.9281666666666667
1388.2714877812061	3.57848336667072	3.1560480649303733	0.928
468.741385558852	2.1988473915574236	2.149667247076664	0.9278333333333333
1160.4137794151245	3.5046321116235983	2.7588998698273146	0.9276666666666666
144.88552550178363	4.959568206109869	3.039572661151295	0.9275
25.089505584709	2.8362306938721034	7.116576439848132	0.9273333333333333
58.144282805876585	3.9979489624690325	2.902650254127848	0.9271666666666667
23.071822822449256	3.2593971832618367	0.510528881716396	0.927
14.681241668634227	3.812373271551957	1.736828138116959	0.9268333333333334
19.146934115278512	2.9547615409212846	0.7889236545316644	0.9266666666666666
294.73281634172747	3.2757721650350153	3.3044663743590115	0.9265
52.78381942565805	2.0838873204468285	1.5417868267098498	0.9263333333333333
997.3725339747693	3.3139748896085663	0.8143192347806975	0.9261666666666667
165.60459489887953	4.533789211383384	2.4512741619091134	0.926
1029.9726384516064	3.0362935849882864	2.895280496072284	0.9258333333333333
463.8954653493637	1.0233511780542468	3.407902625909442	0.9256666666666666
909.7966645435167	2.8887610922591334	1.531349303529646	0.9255
73.65129640395169	3.0662634996677203	4.679424034266367	0.9253333333333333
34.03464049292536	4.00175354114086	1.0583583246556418	0.9251666666666667
365.71594414336266	4.758622020254215	6.336957386933462	0.925
-19.19252902981252	2.0714704663957555	1.7959868712731897	0.9248333333333334
158.45618446352492	2.2871226830237905	0.7407761565716124	0.9246666666666667
4.725000381581064	1.9534713117595155	3.921074048479442	0.9245
289.39043842401776	2.4675353553767314	2.8562919855037667	0.9243333333333333
859.907647484355	3.6584988054067686	2.029174597529694	0.9241666666666667
1695.0349086418937	4.210162371009862	2.479790778711247	0.924
711.2125805634413	3.2566860357024403	4.441560965618391	0.9238333333333334
1237.7496655123975	3.7873819829478106	1.524818952719905	0.9236666666666666
202.22514089237413	3.303986354164246	4.027049853126274	0.9235
316.67425555306164	4.559832069718746	1.6487236072510179	0.9233333333333333
456.48661014278883	3.223854656873018	1.2449570653035136	0.9231666666666667
802.1830320514512	3.371630259359622	5.6613281432067994	0.923
4.032930342638866	4.691468446952434	6.390638881273941	0.9228333333333334
38.58038926104111	3.948054277450746	1.3314302936925508	0.9226666666666666
29.46829312608915	3.2974235541738435	2.304669645061506	0.9225
695.3880807754928	4.050031548121937	0.7942762052774972	0.9223333333333333
1131.377173729109	4.886822604131745	3.7104288764556346	0.9221666666666667
1377.492807442978	3.9189599738728753	0.5922525263421324	0.922
250.8383753141738	1.526145292857793	1.4763512126714624	0.9218333333333334
403.2897454422611	1.1430504648752795	1.0778100912671011	0.9216666666666666
376.3699906181494	3.4870876222071536	2.934412404757735	0.9215
-4.57662809505381	2.438176253515022	8.474478625136658	0.9213333333333333
308.26949134221	5.451762427113422	3.313492942123868	0.9211666666666667
110.12306594497174	2.122955777705922	2.6063466768788603	0.921
212.27487035760808	3.619622463485974	0.13250952347497574	0.9208333333333334
15.217534591928004	2.589864396294183	1.1994285058997547	0.9206666666666667
98.6045105647573	0.7683276758054645	1.4827882332264442	0.9205
1957.8431711613393	3.7043642913709793	3.988014945142833	0.9203333333333333
9.766527580185258	1.5879117973174368	0.5640338306541031	0.9201666666666667
595.7343870441923	3.2869348615966567	1.6108507922953625	0.92
873.9459167507578	4.32673060608001	3.6945874040318114	0.9198333333333334
749.3478039759759	1.3184536058051908	0.33770602198979577	0.9196666666666666
223.12018074005016	1.7128268905202781	2.8961118359923916	0.9195
-15.347414971668188	2.4339066123891095	5.21671988710006	0.9193333333333333
63.197018358494184	2.3467513428298163	2.7095977842126886	0.9191666666666667
79.84992140292812	2.828450119521633	5.742954204252047	0.919
5.3448120851464305	3.6377113608693423	1.5086973587668524	0.9188333333333334
54.50112258467349	2.535528045706021	0.5480216689240837	0.9186666666666667
8.070498796762495	3.572249021091068	2.4140521506454498	0.9185
250.5850134449953	3.3996644879800533	3.0032063646149094	0.9183333333333333
133.67756024640832	2.3844974482577825	3.0449014049910015	0.9181666666666667
588.6935844697583	4.537512231865753	2.433060194476895	0.918
1097.2020496524035	4.027733305790923	5.653249021960331	0.9178333333333334
890.8057240396736	4.9517109468984	3.248708678867153	0.9176666666666666
372.72292129347045	2.9526519329652303	1.6640821403270234	0.9175
317.9013728972329	2.4283491185926556	2.4365241730517746	0.9173333333333333
420.6567796147399	3.938829865432636	3.3024514617743885	0.9171666666666667
367.76067064169877	4.099728538828593	1.7822729832711437	0.917
75.52836561192593	1.8138112672662312	2.029989128039274	0.9168333333333334
313.3264509438128	4.479262411627076	3.517940190961926	0.9166666666666667
0.6703357162117689	4.687229699235391	2.7945080778850246	0.9165
398.9737670521324	4.030319711580074	3.0706903589379957	0.9163333333333333
207.40590538280443	1.456378761760434	2.3850211376356567	0.9161666666666667
2220.039028415849	1.9587563123368155	2.518106602399243	0.916
284.5371216955392	1.6811239322505391	4.32652656913329	0.9158333333333334
2606.217484643377	2.4497380822330057	0.762374222656982	0.9156666666666666
342.25176152081417	3.6727540456620305	4.759734126545021	0.9155
273.550010251835	2.4224235443289026	2.2455039002885386	0.9153333333333333
3.1527643355592825	4.57712346258476	3.4369304817374378	0.9151666666666667
-9.23715158791352	4.132502665417346	3.4589655400508033	0.915
202.49837343688398	3.912441764969743	1.7485772586184267	0.9148333333333334
-3.421550943498035	2.0344908618008137	2.3410682256710302	0.9146666666666667
463.4156195488848	3.336534147430676	4.003517874687922	0.9145
681.7623515308942	4.4039024722647335	0.1451594496016894	0.9143333333333333
345.9031399181726	4.936428783991289	0.771366669886254	0.9141666666666667
356.4402611807074	3.750399041314737	3.080289193384071	0.914
1367.196474445089	6.867868499411046	3.3302180499215432	0.9138333333333334
2528.7893741308267	5.325982408723117	3.360763351867797	0.9136666666666666
917.4263241881035	2.7207159547034823	4.112846749591541	0.9135
327.9150038044887	2.427800946976406	2.922754586456195	0.9133333333333333
47.66210929796659	3.1348272724384443	3.2992275117501397	0.9131666666666667
56.16278114293245	2.7190445198404474	3.9738049041862533	0.913
-27.032436658304615	1.5934814923561236	1.7954203713111103	0.9128333333333334
150.43180382277214	4.486972518220432	1.5473528498671523	0.9126666666666667
752.7555691128986	3.256185564751433	3.7722006639721055	0.9125
246.72835148992237	2.856719633495972	2.9849872684778145	0.9123333333333333
732.9666927968485	2.2887996401598034	2.061345006708493	0.9121666666666667
588.9034383025298	3.349295792570211	2.1600716186601625	0.912
403.90824272461356	5.443200994736591	1.4735552632084032	0.9118333333333334
459.32264696794357	1.3665166291952153	0.5844052734692643	0.9116666666666667
339.84975183530554	3.255265628875879	1.9605401496882886	0.9115
243.38022647814986	3.6954577324866	4.232571108516715	0.9113333333333333
-0.0648266445165322	4.155391457972222	3.7898614348639867	0.9111666666666667
152.1898746944494	3.4942366445495447	5.687207380014792	0.911
81.03169999048303	5.58475224832275	2.298924144838817	0.9108333333333334
179.2714122971424	2.777031277045763	2.321017289767326	0.9106666666666667
2035.2360768145254	0.5916147624603221	3.510276372189933	0.9105
249.17255351342118	1.8801579773112889	1.1785688809810484	0.9103333333333333
1127.9478365954951	1.7063589735021132	1.0611399195364026	0.9101666666666667
238.85988304865214	1.967864086245833	2.5038896932515438	0.91
946.4973710946987	6.607517824906137	3.4400578458844504	0.9098333333333334
546.765928063272	2.6396576542928125	3.4809823115954877	0.9096666666666666
936.9015561409711	4.236970517080399	1.929299824374474	0.9095
0.9423178748829754	4.124157383247367	2.051031938893825	0.9093333333333333
418.5512117078249	4.328622709119509	3.2861135495583045	0.9091666666666667
2.7197172178808167	3.759278547574756	6.311929120157495	0.909
468.4211967009173	1.7505731694460516	2.2769049095038407	0.9088333333333334
384.53769386348944	2.922688230741518	3.5143461932969338	0.9086666666666667
19.146840161114447	2.1275766464744854	3.2731254673853165	0.9085000000000001
750.4864453206542	4.380340511181478	3.03786744162354	0.9083333333333333
1137.908938785136	1.5656510443795943	2.298700689761305	0.9081666666666667
2266.7914022963278	2.9266530032213565	2.168612701075031	0.908
3139.1873628481967	2.1568419841524697	1.7026595446609565	0.9078333333333334
889.2641803102329	5.591582495537751	4.496039219608368	0.9076666666666667
1083.6339233008948	3.1592952999422685	3.1958913427749875	0.9075
0.00947285714783104	2.6727916871330577	2.748604443655226	0.9073333333333333
-0.35600892971633147	3.223480406442219	5.581891839144901	0.9071666666666667
112.99183667969409	2.2083503238414575	2.419887225617299	0.907
157.5138063432761	1.4077112567608974	1.796949811370881	0.9068333333333334
539.4070130136308	1.6243007989221159	2.2205751372182694	0.9066666666666667
83.42644819847267	3.3963521937586054	0.357655258101648	0.9065000000000001
1050.5178671906808	4.009733728643378	0.6617221210839799	0.9063333333333333
96.7477316643917	1.6627385806011326	2.0407521158169666	0.9061666666666667
1902.7041462096631	1.8817028253205177	3.2958132651547136	0.906
896.250877750383	6.6033925144001495	4.004264534224742	0.9058333333333334
1125.9886999830999	2.6287586963781657	3.2330363161418036	0.9056666666666667
341.79351602079043	1.651518432532649	1.9075846095525235	0.9055
105.75668356960202	2.017311059051852	3.0414152369984175	0.9053333333333333
40.03431066512639	4.153770258269077	1.1448645167183331	0.9051666666666667
44.7693621048724	2.2104185886106427	6.30841790017351	0.905
422.2554260878546	6.376226104001647	0.23838107992153618	0.9048333333333334
753.3223461783267	1.9104997711676555	1.205302170062558	0.9046666666666667
733.3278951892951	0.763539531504086	3.9689925906901395	0.9045
119.18994700921947	3.92229733432787	3.590433588079061	0.9043333333333333
1867.6285658977565	4.69301642739493	1.5470749321639556	0.9041666666666667
935.2797800277926	2.056054265932606	1.437174951411834	0.904
1014.1969985432554	3.0053265503181907	3.024214955542154	0.9038333333333334
645.9792557265927	4.844963308570342	2.695902474701475	0.9036666666666667
1197.3317291616127	4.764999066931449	4.3182481672905295	0.9035
225.17669573275657	2.425429050348884	2.6075359605143285	0.9033333333333333
731.2718299702208	4.524765393059439	2.2667117873647737	0.9031666666666667
25.411024896826994	3.086227102449136	6.345929241741566	0.903
74.0790778952403	4.859441925551694	0.33305802501245335	0.9028333333333334
39.2701943030891	1.6474164634877515	3.4822120309323163	0.9026666666666667
623.5361818212143	1.3366405107606478	3.708596476420545	0.9025000000000001
228.42227113604218	3.2307189222132786	0.43342500534375367	0.9023333333333333
671.2376541462316	3.345492718672729	3.757231732925103	0.9021666666666667
2149.39462978661	2.3784991886269307	3.0720661818347113	0.902
360.7525989809842	3.375154290030553	2.4706909186711408	0.9018333333333334
846.9053553958495	3.580036376415342	1.127547927095153	0.9016666666666667
270.98292096109265	3.8158648368177013	0.674479030303509	0.9015
119.68289257953646	2.032724344453947	6.811789328945323	0.9013333333333333
145.86556720614544	5.432873095647843	6.694854384232103	0.9011666666666667
25.53340408515938	3.32404695156657	5.3349660301818735	0.901
107.95122912011408	0.6266704949573912	5.419979693359913	0.9008333333333334
67.0679346645521	2.6889231956270696	1.9297430098119353	0.9006666666666667
134.08921409253284	2.165309503116685	1.6011699233337668	0.9005000000000001
52.040547654400136	3.591268908010788	0.2870734618712318	0.9003333333333333
194.44202181571208	3.8928809704452827	2.771519628320788	0.9001666666666667
