Flow 	 Preci 	 Evatr
816.0	2.03	0.97
2394.0	5.09	3.75
3144.0	7.49	6.64
2366.0	4.49	4.02
1499.0	6.44	1.67
357.0	2.67	4.25
71.0	1.67	1.01
59.0	2.25	4.11
-35.0	7.25	16.67
98.0	4.48	3.46
331.0	4.8	2.26
1757.0	6.47	6.19
1884.0	4.64	5.52
2558.0	5.2	4.64
3177.0	7.66	6.85
1981.0	4.48	3.45
1079.0	6.02	7.84
221.0	2.04	4.78
1006.0	9.82	13.04
424.0	2.12	1.01
25.0	0.55	1.64
76.0	2.93	0.78
53.0	1.35	3.3
339.0	2.67	2.9
1039.0	4.61	3.84
2497.0	5.37	3.34
386.0	1.39	1.3
87.0	0.46	0.2
248.0	4.79	2.68
-4.0	2.23	2.08
103.0	4.68	3.34
566.0	6.39	5.56
101.0	0.33	0.32
31.0	2.85	2.04
2565.0	9.97	3.82
742.0	1.39	0.7
340.0	1.32	0.54
453.0	1.87	0.03
1120.0	2.98	0.0
134.0	1.1	0.18
149.0	2.73	5.76
-52.0	0.84	2.77
24.0	4.2	2.48
709.0	6.99	13.27
-21.0	0.53	0.62
-38.0	2.0	2.34
63.0	3.26	2.47
610.0	4.1	4.52
1919.0	5.88	11.23
1908.0	4.23	4.98
2274.0	4.54	4.01
1776.0	5.46	7.38
305.0	3.08	1.51
103.0	2.48	1.48
31.0	2.58	6.79
-35.0	2.71	4.48
194.0	5.83	6.68
-6.0	2.65	2.2
79.0	2.48	4.12
241.0	3.86	3.45
784.0	3.35	2.03
607.0	2.24	2.5
259.0	2.09	2.48
400.0	3.48	2.02
229.0	4.97	1.67
48.0	2.43	9.58
11.0	3.23	3.47
-3.0	4.12	1.8
85.0	4.79	1.8
172.0	4.14	1.9
558.0	3.85	2.71
148.0	0.76	1.18
340.0	1.7	0.67
2218.0	5.91	0.59
3239.0	7.06	6.39
1743.0	5.61	7.17
1457.0	4.42	1.39
723.0	6.62	0.47
981.0	7.3	0.0
1151.0	6.3	0.56
239.0	3.96	0.0
904.0	4.91	0.04
622.0	3.09	0.1
1247.0	3.12	0.0
1310.0	3.93	0.0
2029.0	4.32	0.1
1079.0	4.17	0.0
1409.0	4.42	1.1
1565.0	6.95	4.06
195.0	1.14	0.0
57.0	3.67	10.38
163.0	4.67	6.64
-53.0	0.46	0.1
501.0	8.16	2.26
140.0	2.08	1.48
613.0	3.78	0.44
2084.0	5.15	0.0
347.0	1.31	0.0
1728.0	5.94	0.0
529.0	2.63	0.66
219.0	2.72	2.06
62.0	2.03	3.02
59.0	5.35	1.0
25.0	3.13	0.32
146.0	4.96	1.84
18.0	1.93	0.12
36.0	0.98	0.12
123.0	2.73	0.0
1174.0	4.84	3.84
575.0	2.45	3.34
978.0	3.77	1.3
497.0	2.4	0.2
148.0	3.23	2.68
325.0	4.67	2.08
198.0	3.98	3.34
119.0	4.19	5.56
72.0	2.35	0.32
136.0	4.54	2.04
747.0	5.08	3.82
724.0	2.84	0.7
1868.0	5.13	2.03
792.0	2.66	2.5
3718.0	7.57	2.48
2403.0	4.99	2.02
321.0	4.32	1.67
20.0	1.65	9.58
0.0	3.22	3.47
-16.0	2.2	1.8
5.0	2.68	1.8
28.0	3.27	1.9
136.0	3.6	2.71
398.0	3.69	1.18
784.0	3.99	3.18
1213.0	3.31	2.54
2704.0	6.9	1.85
508.0	2.57	5.49
115.0	2.22	4.92
55.0	2.7	9.64
201.0	5.66	2.25
136.0	3.91	2.13
-19.0	1.49	2.75
190.0	3.65	3.42
83.0	2.38	6.25
58.0	2.38	3.41
843.0	4.25	0.0
1406.0	3.82	0.1
1187.0	3.13	0.0
102.0	1.18	1.1
156.0	3.66	4.06
1935.0	11.0	0.0
496.0	3.97	10.38
153.0	3.23	6.64
13.0	1.73	0.1
1178.0	8.27	2.26
1295.0	4.77	1.48
700.0	1.84	0.44
1682.0	3.83	4.52
1341.0	2.33	1.92
1300.0	4.1	3.0
864.0	3.63	2.75
837.0	5.03	0.0
230.0	1.89	2.29
164.0	3.5	3.27
402.0	5.28	6.28
4153.0	13.24	2.16
819.0	2.91	0.0
597.0	3.32	2.2
1331.0	3.82	1.15
1151.0	3.56	0.0
1533.0	2.89	0.0
1089.0	1.92	0.0
1712.0	5.65	0.66
376.0	1.38	2.06
371.0	3.63	3.02
273.0	4.26	1.0
-47.0	1.31	0.32
37.0	3.77	1.84
47.0	2.67	0.12
285.0	3.66	0.12
312.0	2.66	0.0
3006.0	7.91	0.85
3393.0	5.13	2.41
4393.0	8.37	3.59
959.0	3.74	3.89
373.0	3.95	2.79
114.0	2.36	2.61
28.0	2.83	3.24
31.0	3.07	3.34
80.0	3.82	6.91
37.0	2.99	1.36
57.0	2.19	3.3
278.0	4.75	2.96
1598.0	5.51	2.32
480.0	1.9	1.46
919.0	3.0	5.51
859.0	4.87	1.09
214.0	1.22	3.78
110.0	3.28	6.78
34.0	3.28	3.29
201.0	3.48	2.15
5421.0	17.8	3.25
607.0	2.67	1.2
296.0	1.59	4.23
419.0	1.74	5.7
1127.0	2.48	4.52
1579.0	2.56	1.92
941.0	3.2	3.0
1372.0	5.66	2.75
441.0	3.18	0.0
281.0	3.82	2.29
630.0	5.34	3.27
455.0	4.78	6.28
279.0	4.42	2.16
-9.0	0.08	0.0
91.0	2.03	2.2
148.0	1.85	1.15
160.0	1.98	1.22
473.0	2.91	1.87
1986.0	6.28	5.78
799.0	2.6	1.16
121.0	3.12	0.44
332.0	4.59	5.83
326.0	6.46	7.89
247.0	2.71	2.03
82.0	2.33	1.41
-7.0	1.41	1.24
4.0	0.49	0.91
74.0	1.92	2.04
568.0	4.29	4.83
210.0	1.02	1.21
333.0	3.01	4.24
159.0	1.57	0.54
-11.0	2.02	1.41
-66.0	2.32	2.29
-3.0	2.87	3.67
56.0	5.18	5.84
99.0	3.95	1.81
1814.0	7.96	7.58
1026.0	3.38	3.43
1965.0	3.32	4.07
658.0	2.13	1.8
2131.0	4.77	4.29
2953.0	6.71	5.17
2923.0	6.29	4.54
1617.0	5.47	1.65
973.0	3.15	1.94
882.0	6.48	4.9
823.0	4.28	9.7
646.0	5.77	3.48
189.0	2.87	2.97
268.0	2.18	1.49
1092.0	4.12	2.84
240.0	1.2	0.92
961.0	1.99	2.76
403.0	1.54	2.28
479.0	2.32	0.91
289.0	3.48	3.1
67.0	3.65	4.35
179.0	4.68	3.81
995.0	8.72	9.88
535.0	3.95	4.43
183.0	1.76	1.42
585.0	3.25	3.14
707.0	2.11	1.85
857.0	2.87	2.31
636.0	1.91	0.25
1463.0	4.34	0.39
589.0	0.74	0.34
135.0	3.52	2.75
141.0	2.66	2.8
36.0	2.44	5.54
17.0	2.15	2.14
-56.0	0.76	1.24
37.0	2.77	3.87
132.0	4.39	6.73
688.0	4.98	7.14
368.0	2.67	3.18
343.0	1.84	2.54
103.0	0.84	1.85
324.0	3.79	5.49
131.0	2.87	4.92
1259.0	7.2	9.64
516.0	4.37	2.25
16.0	2.83	2.13
294.0	5.5	2.75
179.0	3.68	3.42
2360.0	7.53	6.25
630.0	3.42	3.41
1082.0	2.13	2.44
586.0	2.11	1.49
1023.0	3.41	3.04
1060.0	3.54	2.75
137.0	2.7	1.91
47.0	4.28	4.85
-25.0	2.56	3.7
-46.0	1.47	1.33
-44.0	0.92	1.57
86.0	4.55	5.68
1.0	0.58	0.53
186.0	3.98	3.06
101.0	1.52	0.85
221.0	3.26	2.41
887.0	4.81	3.59
1114.0	5.82	3.89
223.0	2.92	2.79
81.0	3.73	2.61
174.0	3.17	3.24
252.0	6.6	3.34
1930.0	8.02	6.91
66.0	0.85	1.36
230.0	3.31	3.3
990.0	4.12	2.96
736.0	3.21	2.32
298.0	1.54	1.46
2357.0	6.3	5.51
542.0	1.98	1.09
197.0	3.93	3.78
638.0	6.29	6.78
30.0	1.94	3.29
26.0	3.43	2.15
117.0	3.64	3.25
17.0	2.18	1.2
1787.0	8.49	4.23
2768.0	8.13	5.7
1546.0	2.99	3.82
2200.0	2.79	2.68
835.0	2.71	3.1
185.0	1.06	1.63
1060.0	7.08	5.78
130.0	2.46	3.04
40.0	4.07	2.07
30.0	3.2	6.62
174.0	4.75	6.05
78.0	2.49	0.88
18.0	1.05	0.78
107.0	2.77	1.43
110.0	0.78	1.15
237.0	1.72	2.05
621.0	5.37	2.81
404.0	2.9	3.2
342.0	4.37	3.08
-19.0	2.81	3.72
-8.0	3.43	1.78
-15.0	4.08	5.14
107.0	6.02	3.85
41.0	2.55	1.99
195.0	4.27	3.14
245.0	2.54	1.4
155.0	1.58	2.04
275.0	1.94	1.97
913.0	3.34	4.2
125.0	2.73	1.48
348.0	3.58	4.17
25.0	2.08	2.56
50.0	3.87	5.27
141.0	5.71	2.71
465.0	7.51	6.47
57.0	2.8	2.5
1.0	0.43	0.59
250.0	3.43	3.0
854.0	4.0	2.65
980.0	3.82	3.54
494.0	2.22	1.57
614.0	3.75	3.31
995.0	4.65	3.34
1348.0	7.62	8.36
1262.0	4.77	3.41
268.0	2.33	2.24
12.0	2.49	3.45
5.0	2.69	0.79
86.0	2.77	3.15
1000.0	4.75	5.24
1662.226308931046	4.240393707309433	2.600799434504432
878.8221301972757	5.735220634004541	-0.0456208432378627
840.5571680719369	4.82806103751312	0.4708467197902089
221.21743424705554	2.694895716997132	2.970034268201423
217.10615300099346	3.704728663714743	2.2683858113463033
-15.588802471811395	3.694193707810242	4.227221836527065
142.70155774913906	4.842935396188535	1.9378205798617512
101.53715553752355	4.109493805640645	3.59865502592176
174.75934785942553	2.857671131254485	0.8378111484046478
78.38807260091274	2.0548102764739506	0.5398396712276552
693.8582663529858	3.284983432632148	1.1482785125118902
152.59472522838962	2.8265851087280085	2.0430282997701212
4.281563457726692	4.862082637113294	1.9630505881250164
933.2780407200094	2.697960160674696	1.681477298030981
119.70433432541917	5.642055537050701	3.930009217140322
379.3287276166389	4.800927723457286	2.6879882166034443
249.24937569167338	2.0276972611370203	2.043370036587295
473.70226537318973	4.3454316281364465	3.6743986580759334
-41.380783328547544	4.655198206903702	6.163515530872641
173.40689174805794	4.669534765513092	2.0290631683728515
291.7139913355545	1.9398160485214833	0.7817033792846655
275.0102425549669	4.884038855979864	3.5777428071924255
1155.4906648223414	2.471038428388033	2.902962598866325
815.1208786533533	2.0962438869850577	0.6701323876166553
206.93320409755995	2.7915469693355246	3.0949854039162252
924.2835397219494	2.1090748382930977	3.760542564897405
912.1521381315426	3.7200753493100542	1.107401974181708
335.6581876794429	5.112356826477835	1.626829310452712
118.59147572259278	1.7081542969349413	2.576745372997396
38.90064192979923	3.0571627757228197	3.4561698142051407
26.92222093658863	5.803944432981248	2.509657953450622
153.6962888590067	0.7433946845615297	1.827437393957347
13.609571288253468	2.7942434190179477	3.4907167172417832
168.90674267623567	2.495508921721478	0.6558965246089754
199.61260392044434	2.6075951854264514	0.7717171726645187
847.6799891360967	2.9896099916351817	3.1362558791680217
1469.610606666446	3.879104163799119	1.4504873525197988
1328.2814117000714	1.9094850304498883	4.816629804159902
511.0407405517751	3.355362405835224	3.1813862293816575
995.8922869507054	4.9281541469615515	2.660736809063342
318.30113761665086	2.645676581391876	4.6741098551242555
32.86762177524896	4.9464529451035855	1.9352783266586202
-46.81249358722937	4.144281357220449	2.1361467631874125
83.64046635979801	3.134082054130462	3.419201953930643
14.845607043957024	3.0772205213079293	1.346147557995168
800.4221009800306	2.4876050189796164	0.8796949446276676
2.6005625507090726	4.126385063497713	0.18394589322206287
1256.154170723165	3.868618068613861	0.8921539433183518
509.4445534854269	4.074813582388582	1.9500747979154591
700.7076442015905	4.994831224517513	5.534039442001434
15.767112873066708	4.595674447147031	0.5322880521894493
102.92853946323044	4.836304456671454	1.6149123114240482
64.56762531823331	2.387781819571305	2.242789215881011
0.018489142880883325	2.836233655577333	6.641300994200981
39.09605295162258	2.175569108532381	0.7309639859990793
1686.7576689335842	0.7010531341381828	1.802701049044915
-25.033726923131628	3.6187626782556714	-0.03418167153457751
12.156881934422358	4.513929661891172	3.530584433007294
714.0212642437585	3.182401818552023	1.900239536642344
1463.1770800997176	1.5656861931308752	2.426532667873396
1530.575955439101	4.186645439269716	2.456407503652569
1005.1413797254381	4.326701936069914	1.2716574253311952
392.90190093616815	5.424851143101105	1.6198735767499564
326.98164265729105	4.439963900643601	2.7592330420688094
94.97006468382584	2.4252525365259023	2.892839951282702
177.26023272489172	2.8347853970351338	5.5732856472179515
88.71800152430094	4.463324981019739	2.103910676536841
12.962116480174517	2.396252074610766	1.8015939023308776
170.64340554425524	2.6696026929629486	1.2375924345833833
75.21656091192395	3.7444150083126466	1.4877949649211009
1054.2417164612723	2.7314493905086907	0.921891725620637
557.0256238941002	4.585904006405405	1.9974953821372452
2647.6829709794965	4.005434188294102	2.4958425390681813
1187.7873420733586	4.6086362003420085	2.967293155280204
115.12335100219137	3.7155138577024442	2.869917981960158
252.9465365054128	3.150497026899316	1.6229846677031765
1113.2985811270294	4.458093318840422	3.943066012962264
422.3581225777153	5.478327731814826	6.190255380280771
223.72274507022092	2.790329608858405	6.323730096212444
-25.392015352562513	1.8539238377082485	3.906350097732063
18.32341871551647	2.6144565155201005	0.8408938855925848
3.209583638505374	0.7898473407836566	3.1113780205961907
1107.1378822958716	1.7117801683152045	2.9715817847797994
155.51803023040105	5.069645542862897	2.315802016344299
912.7174123305351	1.574489969531995	1.9511703506055025
1107.1521474448732	1.9486332982918968	5.607323828143678
1697.2808535565453	3.5589866833252284	0.6519044394647128
561.8092471034008	2.7636177404355964	2.7975718899033803
-11.681213452962242	2.462426560742826	3.7292165726094684
1175.4378379497841	5.650533805276952	3.4408285678081945
241.90617712401234	2.1391628260388083	5.7536127089236615
501.09298240117386	7.094270943058309	1.4912855724117962
39.06219920133087	3.990488009456923	1.9626966056377833
2194.402126259623	4.742661224401193	2.9440453211290114
641.4188338537318	3.8490825578329413	1.601542127173094
172.64051008860528	2.021276362953087	2.4431267821448754
2684.7331495985586	2.182944135164878	1.4411263455288217
3414.762258928245	2.0599595750859914	1.6419462834461924
388.8791494457993	3.7027797043352098	1.1098594775371633
218.023668051973	4.943512062555167	1.543953555757471
791.4158149705019	2.4593606574449747	5.951324371452224
676.9724078361513	2.3583054868046505	3.4572175829342395
1019.9167366381091	5.344184144310538	4.360289164413521
12.226804627513538	3.652566137950551	2.0117581832953553
239.44528846082687	2.901642541648312	3.206603258260598
0.8465663193230352	1.7120209390819197	2.2814857381714724
152.0741791254138	4.047069710157901	0.944970366372934
152.8331315232387	3.0345237364325093	1.0145593115923035
338.562968630962	1.893297176816902	2.6676632917720484
2752.6978771933273	1.7742521655809287	4.745724359650914
879.579644043723	3.6833431350210257	3.944019685698594
753.1612394690335	4.029839550644427	3.902521130676261
1.155815379817428	1.919622555818515	3.0378763513858082
912.3662140378336	3.232100567530049	3.430980835662568
-6.613371333141629	4.139729087008102	1.8591500111340642
336.7030404013989	2.3454454825963325	4.121497505600157
597.9118967335716	2.6955100767056512	3.452581944263957
147.9386214194007	3.6121634300864778	2.9715523104546406
270.99260744572285	3.8253884632534962	5.418002981183328
289.61311062238144	2.216959105695353	3.410579408980867
332.72379473790517	2.834270091317504	0.2788933221716263
2162.365276430504	1.9774954715064879	4.501367098146632
325.41777314445085	1.6935299135400468	3.128268511020017
130.23302796250388	4.804287780491838	1.754859173413435
39.2751240468331	2.047690171925489	7.2119259487015075
331.6401359683282	2.611478991460779	3.297833807465327
155.2035716320547	3.3407825504896933	3.590400022550839
-52.47716284356572	0.5250916317785286	1.80200313618732
166.73614601047083	2.8432564322227987	1.3173260215038267
1.0442257844486258	1.2583520332483487	4.014036508566991
129.46813172697438	2.82372922717478	3.879023387981246
612.3466898379415	1.2808185908728706	2.048418599212155
263.5951311708234	1.8901006438401253	0.1727347156710793
1134.896450080458	1.706763306784238	1.5952162100653646
384.32052095916305	3.50378890056909	1.076464958809234
137.92507668676356	3.341475103357124	4.69359516470059
221.1291749210207	3.787576575368686	2.647064386828527
542.09001975761	3.837998791259987	2.2575117176930184
1021.5048247957313	3.33532153181434	6.60179882277568
33.32468447329346	6.620969521056579	3.3950913895537145
96.83354747046886	2.672644667855855	1.9829486309297033
602.1180474914796	2.1004371977789593	3.8928995915687667
89.11688276207751	2.8204074572692384	4.45299622861359
1439.7732279164989	4.0631747854138816	3.9810189522003654
2365.93187133	2.68565162696992	2.2360970643669615
2420.2900308998655	4.673547212308014	3.0177610252036433
560.4525504570788	3.5692023428457165	1.0417949311952222
1242.4085250528735	2.8531032764376425	4.312295771881671
109.84446697527697	3.6935972105666592	2.990596947625464
369.6511755251151	3.209106526022134	4.413950579137221
1003.2912176101994	2.7331080206795915	2.0452064305630766
14.30317836692269	3.1104300791395993	3.6717906363088444
179.790689673296	4.517678300379705	1.5230108454840208
611.1113185499388	3.6659072571248204	1.9801038963548265
626.4564488415245	2.021401333100328	3.8207592646192094
36.18362434214934	4.178267753923852	3.964783344875823
1751.0814543628928	2.6954719589483753	2.4153229559565683
3155.8055384599734	1.6737928413129668	0.01047144184932428
764.634716000825	1.1146297707256352	0.5646349503382454
221.6615089810898	5.052569501546531	1.5566892304860007
246.852834015436	3.6428691901316284	5.1760793755452905
-0.6094580708096601	4.603997384590747	3.7381630634244485
10.774302768419505	3.164684440581177	5.944912129832408
9.500560523142942	7.208260166480986	0.4219949546991183
19.174075074667027	3.817566670519781	2.376228680349646
0.05005234989468551	1.046549099874766	4.117795104607366
171.40368147966257	2.579445746097311	0.6016281025943916
1873.7785591066283	2.808585352212387	2.9656239731168976
457.4762063162286	4.108329546831804	2.470477581066977
963.7293907219774	3.4257885748990797	5.197346060272418
158.1976004904976	1.688261369812457	2.553369562199669
162.8943333038032	2.777467641051613	2.687633390646282
2.557682177530155	2.041600481276773	2.2450195883085358
252.15197688169073	3.87963755559141	2.271202947445825
59.55827075801909	2.2120758909786167	2.149122476703966
-43.18208716482198	0.5210713768758459	0.2692512082437563
-3.403181349588698	2.600898547806625	2.156224487512977
431.57655751157125	4.735732521188895	2.37955413695643
142.78216878166583	1.8465369165733674	2.0653258270862693
349.8634663230893	1.8902162581674917	0.5530495642718225
2311.9540897643274	1.7061779908759318	1.4322353395784424
988.2771210879042	4.092714432523014	2.3201261109281397
129.77749720281682	3.8549983036063655	0.9966040399312514
130.60886218491274	3.1591847740355985	1.8725951820750344
-38.24039079384219	4.983942076672397	6.417765991436481
441.6019798472889	5.554706743533272	6.410509855190819
26.127373819793895	5.753779234569156	1.6549618225085716
70.84508399120152	3.919186783929136	6.536899331958877
103.86920297667918	4.2644635088203815	1.9485808512835525
2522.9559750762837	1.2001661412986135	3.9101573793680062
1013.5049477983389	1.7362504402698327	2.8697726297672976
811.4798952807939	3.960165953219497	0.8037026528374231
542.8825340841058	2.210029220060523	2.4635366910347267
3142.168831377342	2.1524170550920076	2.686324322195138
380.92361443106347	2.66441983982275	0.28839155762602514
870.3939555694525	3.540445890228334	2.9739271788544768
35.11756459378857	2.2659178997416634	2.1077837634150707
195.74588640742056	4.654022816211669	3.305706531748015
148.51691759936193	3.590789531042035	3.4510712138932904
2706.94544061421	3.895645241707499	1.923934007792399
-3.094550251634334	2.8370363924866226	2.264393461327837
45.190072826988334	2.9495579684173907	0.6186809992504047
503.03928172855115	1.9089116838843438	3.0374676979694435
121.71166695847639	4.591342063231286	0.7502677712990703
1.7326035286098005	2.7913486182004164	2.526546027864862
875.0138543223031	2.9331906845501075	5.662203258209106
118.72601632822577	4.715405017219231	2.675926717165309
-5.754048132099586	4.908186028650574	4.4330892618377575
173.75647044651885	2.0743195529085194	2.714925326425466
6.825970826709554	5.059578442997685	3.306799722442012
-26.040832368646672	4.37837102877701	4.6689706695892585
166.7385463448495	5.06904773368451	1.7999642575809525
190.14422823464932	2.8304734657475623	1.9243993579229164
127.0918020209861	2.1786070281917804	4.059638708459102
1497.1303887727822	3.422523481265198	5.175923016864586
1575.7001179965218	2.7758424074850807	3.9538546221163897
583.8532154231812	4.02283060080067	1.9206346027503973
1184.2897289982595	4.957215812374642	4.1039369004060635
532.7523087652243	2.934097524215158	0.2911543682171886
1283.6567103138375	2.082174955764223	3.7613041839893544
251.28006054405762	2.3372335446481487	8.529942583349712
35.69459369324009	5.0817963974971825	3.31857254674874
25.368086715858293	5.388827809091626	5.863659733444183
11.187217303279885	1.2218745789415286	3.4701156367288903
174.77624615554728	3.74904182658178	1.3401734439170265
53.999883343734304	2.10849698526582	2.203351062928519
291.2411945170197	2.6197431576510226	1.441738460007259
1824.135369249268	1.3780853003889837	1.1769975494271914
790.1986266508371	1.9170449294796916	1.5886436038463447
377.9594778901637	2.065038366387083	1.3807184579646554
555.5120923933941	3.5953468388696725	0.6431631923542526
-8.541591257935764	3.228291968041983	0.9309241153049443
61.4095317075162	3.63062728645938	7.450256279967237
1171.5734713202921	4.226688742329272	6.613685982885793
25.295696408176063	3.140179184682822	2.8994960657559843
-34.21371663666424	2.3490801417229954	6.467147921189753
43.13653119946935	1.9868102565086212	1.6692134235714065
595.4115827895998	2.048879182290591	2.3092982913218396
764.8744213694368	1.8477250185394511	1.0658716297811892
332.26399740844005	3.7551602692798087	2.184317340547695
2207.7862382573994	1.8998966915410584	2.5350460631756437
4284.589314281982	5.288230644364191	3.0383744404246245
1750.590181810455	4.520407288792575	1.5673328050586481
1226.312567439142	3.538291229644997	4.241182666509426
180.41332708824328	3.6295798409482116	2.2458485182058077
282.36850745790673	4.644280892636582	1.0437610121675307
13.834646878575604	4.378587925239829	2.1392369820298933
401.7104336734925	2.511955730372461	3.452981654697343
37.89174097558209	2.906826455834519	2.3066209137916
0.7204603532034187	3.2852405523208668	1.952654517082582
242.95574781477706	1.8689972430431012	4.814747985754948
332.11654664551816	1.5658833653977158	2.0379244829648773
909.0247884248502	1.9141788826686854	1.0957119013217547
905.1871141681506	1.850929558565755	1.1946304304780653
594.5494602561146	3.7055399811538967	0.9830699982730053
1227.359218759981	4.9452675130214185	2.7329799070917953
47.68836245668848	1.240055121868434	2.6397882059029647
149.6910927465252	2.718131349471308	3.3502213282302016
-27.294291805188838	3.357816341076258	4.37278471873995
80.74171692097511	6.444127953768682	4.8379754177917915
-4.162665147384263	2.0435556660983396	1.1583533523365335
1445.389744096066	0.7489014927533737	2.3351417549777307
255.70807904726183	2.8826207205216203	0.5893466718595074
820.17958777441	1.764943594084708	3.9154909581698516
1845.499853017506	1.9610756233081859	1.4743244281827346
93.74779795314052	3.6650781948197078	0.01782447475764587
112.35560675777305	2.302968382563023	0.6379734607043904
1551.4941415062726	2.1946883646007693	2.686535091353651
300.67952730064627	2.03067247319826	2.917778300571622
150.37903889144246	4.018689327060747	3.377018760448058
16.575813357597415	4.535333503182639	2.1397613630898458
406.6758342755093	0.8666252697728765	1.547150961951588
37.02655678045036	2.413272311559404	1.3127543725930255
82.5706066862719	2.1430377755747925	3.280145256287755
671.6227366067338	1.8478354957305165	0.6144150535451487
336.61759336949524	2.6143211154351804	2.1941059162141396
346.2712737915853	2.4430122979095956	0.1361029629062168
3124.341202294705	2.088854992950466	-0.011153373376277524
223.4791514458309	3.6963835297612353	3.0532093234236353
240.81032403101804	2.750104826681258	3.122666180762264
35.746670372481574	2.028800049993599	2.4470674738389158
239.8788786436315	3.986784185358091	2.2649018122447355
-14.585716545972094	3.2280013287793023	1.4072357743859552
116.56062655472823	0.4907654338744674	3.8811660380078337
62.50648996230295	4.535481941424604	1.8445827165144402
77.15175066724525	0.8948524430649725	1.4944302866412742
1134.832722030052	1.6362081132220057	3.4586117135926058
976.25704407679	2.284540475640393	3.6793870428608586
148.7097639215662	1.8281500134494586	1.6856669669055149
558.7875701112091	2.2095011434592418	3.9365008107522406
485.8779217595039	3.8697386640820532	1.3188492857271743
-6.29124794217604	3.599515589938454	2.687092235088495
-18.82108261512161	4.91654862134527	3.1377367248314973
188.92345525886998	4.3627999620753455	5.013459735226388
870.1431988938473	1.6512537982292572	5.557678198831554
12.923035213257027	5.873869379576046	2.4931976113134455
170.16808327416678	2.8991767314370915	0.743459519403287
54.868220984637425	3.5419235576789774	2.509147701535945
1505.7814890099553	3.7636710538911493	3.768073014098345
949.196170881108	2.0837894755993074	2.87540113555833
221.6162601770247	2.7277089413291025	2.5257660472934975
1391.612994337977	3.4812190157261367	2.8477672541169694
391.4059838406513	3.6552190242361235	0.23901906087046662
131.71493746615974	3.410252099180809	4.682165410117298
-18.991411575664664	2.0279329982957703	4.106995706685156
27.637555348907227	3.419460507637196	1.2751469951147305
279.29667189459855	4.070252866858403	3.6151265171920324
103.12967814742197	2.4220120352046526	2.22902440963176
-22.742325170169266	4.554239155710727	1.9924992348599881
138.2116999118553	2.2862262252632624	1.4873988489856862
238.7967415725392	1.4082413427569251	4.555569159603527
111.86999628392537	2.0623001032558967	0.8901594381443803
339.0581566194326	3.384341953983554	1.5600405971275544
1084.660054523735	6.540924233839304	5.644975732420871
201.93035075124686	3.652284229139967	3.905761978179992
149.90983582940146	3.1512974712826836	3.624009985724147
401.5944657206667	2.2376186280595913	3.0988123024939855
89.03279524892727	3.951229416686989	1.8212732402279759
59.96900387665733	3.393897269189874	5.554960978023273
-17.649871564496177	3.784061463209193	3.9682553439390875
964.3868914552186	2.639662793594764	1.7382575146559467
63.224390660647	3.12543887518103	2.6833429077522846
172.0285012435699	1.8444046926999749	4.97589248151451
507.0775169348228	2.900014394500119	4.500007598475759
601.1138619965909	2.1245287461119022	2.569368622160545
3857.450211040739	2.269974470526473	2.131238736309455
1179.3323570409716	2.6368824751341027	0.9506898698569151
206.25440705289532	2.757814619703934	0.9254456885271163
88.87585433347661	4.468222148552728	2.7816912883466096
94.73889479541725	4.58167384930952	1.500718283749432
2.0507949599193793	2.7206330277981103	5.07350715694616
215.7311442322959	3.8707731841158743	3.2895292472197126
-3.731843770252427	2.659155242477202	1.5763456351996716
134.3198433907474	0.6479212409782859	2.2710067292633114
2603.3873969836777	3.95888257243205	4.678253482051326
387.15396799906824	1.318922733846458	3.34772443283539
222.87492862332215	1.275838070798837	0.6583367159613892
485.4499616040437	3.5328138716061295	1.4997740786135318
11.900078981064564	2.9952319333538426	0.972900129592097
141.61945918978796	3.088752348920557	1.5509728846104769
-47.07397010388741	3.0172283787584853	2.5819364830196943
187.99199690749163	4.286836435233189	3.2701367764434908
223.68153829187517	2.078901212798746	5.995795668570211
-37.596695792524216	3.3973834612231584	1.8847991641594661
53.125816445322464	3.323666231760981	0.05835103101911743
42.11890600877262	3.9757567584325204	3.0671888999804957
640.7545794827313	2.5885051388939337	1.5270880100078665
1342.9348307299226	3.968736494267364	0.4191582028659838
1833.0926182758249	1.6210223891464823	2.4543467175253877
25.002026470876494	5.000625168957899	2.4989424770467346
1530.967693970564	0.7820048182684876	0.6775563453758893
1022.8666551423697	2.9442542192046797	1.5523325265664805
-61.411368281717024	2.0553005318410635	3.140614814313126
-1.035790998507664	3.240370300976267	3.311519347539626
-18.985933123141773	2.2214859720549334	1.4141676793083013
81.26019071737785	3.9060458351581775	3.03253865989752
6.086240911286038	0.9147902645739747	1.8299908862607124
85.43877006260594	3.482735057417265	3.9424016898227863
201.94248779393516	4.162721030474415	0.16106401403484327
531.0799747298322	3.17138444620052	2.0329642850840894
2228.7467102724627	3.100233163625493	3.454456148551701
74.20038607960925	3.3692479853451243	0.013814971725408028
869.7216079261082	3.7522125442691423	3.237898141493976
277.4896938400348	3.5353351141191234	2.7124368987136678
1767.2542107771937	2.48449336348299	6.937836307502894
176.63606715743728	1.934652633367359	3.4044442710934963
13.773419337248415	3.28132581914357	0.49675985612655604
3925.1846674130084	3.924179833463305	6.0000453121578445
94.32625233806452	2.888614794151834	1.2693871936322594
1.388566198364982	1.3025533570349805	3.0185831384572626
176.414086453978	1.4170118185361393	2.9579961135089494
1947.891393445911	2.073342482862501	3.0634044527069957
1487.3266977271626	1.9073616584359643	2.454273463973011
892.9481295351608	3.0370857356234637	1.8055555415069848
143.36446997786376	1.104490433076146	2.989324364203157
1074.530395272786	2.293767914401336	1.5355213212643464
29.719489030693396	3.5980120196230376	4.683747329940995
219.38982017632537	3.2289807381816384	1.0372744018076359
139.5669360768912	4.055103564130766	1.7700153602543944
-45.34232262158547	6.731618090205668	1.7981611206324553
-7.9556983070473635	2.5941578646301373	0.1069659052597293
88.87115270116625	3.344346241082005	3.302611620680521
249.84036233982044	3.4507704685114304	3.4564925479278417
536.5950899621591	1.278132465684837	2.519621846214143
585.5926000386659	1.4000359752795937	0.11206234012448058
946.9680259074798	1.5291826086453544	3.891996628551715
429.2003946247097	1.9825069346143005	3.0674017715091053
301.5062502625148	1.6178529158042134	2.8463163897202497
4.523842494075541	2.961381923530445	6.908171756095519
335.3262326414296	4.00357111698634	3.311162920765874
26.67501357893146	2.203325342048178	2.1389096077781207
56.85207805312615	2.379347907152405	2.2933949011890182
16.596305813992558	2.026957550288167	1.8710138711285633
585.3566362056678	3.2620929323124574	3.293410817414354
353.9814898871726	2.5841936829107626	2.95655511477039
679.3637904324446	1.5570988494727904	2.6383530575646548
273.83123483551424	2.7988994320822753	0.02750196819578922
701.0495434926993	2.9648341107637073	2.442544378558559
539.7564280083321	1.0888788445033644	1.1061391115124122
39.02703139835156	3.6626387870331003	4.811159135945026
1343.93448069018	2.0090254697463417	4.6585633682368774
562.3860543161876	3.6373774388139237	3.503750391356104
25.360447851888715	2.2059352188321713	2.1075173786829793
71.6899416626857	1.4440117871245777	1.6281340662384245
49.798905332499764	4.015639555299023	0.8421102824143047
276.4793422816483	3.3130587439234547	2.3080611856254705
282.0465411780891	1.5311273404353627	1.2261495133394074
1126.5588430632265	3.910499552266755	0.019550520863911576
3005.0027666297997	1.8903317395034362	3.4872089452398205
229.00978462348692	5.087960321462903	3.65692996021712
2381.9683773876304	2.148997608738182	2.9416427579524105
132.3629794356666	4.721295071321168	4.277658129653724
115.53488982077943	1.1563947268779553	5.982977666922114
165.94859217184484	2.5626051302028006	3.538152236943115
301.68817369618927	2.7247133727753807	3.188054458823628
-35.05122064587182	4.618692611304371	3.303100459376802
501.26002064713657	2.886289537897316	1.0317281373796825
149.62876759840705	4.726293560710444	2.112848590321521
240.30557511022735	2.2790766670635567	4.096955350797301
1297.7715947894646	1.6335367348196175	2.1090241353277657
986.4927951750597	1.9088551431872562	1.9442590394074204
2300.9685231144363	2.0241214954210065	-0.0743038723058991
465.4149545175366	3.72722329696559	0.4924595312619871
199.09315216307493	2.75827715284028	3.3513896531358074
342.53632837782294	1.7039243763243999	2.2443272289188116
75.1252252116218	3.116584835022786	1.0598785037067082
145.27724364224852	3.3985727570181603	4.411088934228511
106.75092386015228	5.4660962552531425	1.8003932130268596
2.1184152466949504	2.900878757151384	1.881474614397712
85.29934845300328	3.697671177813842	1.3566939564168177
676.1032275157758	3.7359953307469302	0.9179313631633744
160.2730353794826	3.9721915668500096	2.0480132446245265
329.4006139761662	2.9899636434178434	2.4919883717815585
539.2567145286245	2.6048977086370813	2.671830777850037
444.2586534497896	4.602936705216606	3.457427175207754
146.0475245955436	4.542294895601149	2.7817038956570284
25.9025742878531	2.6839379052437007	3.506303042877317
26.320876912140854	4.077709493033062	3.454266726290538
-11.553111344203497	2.7786708167916276	2.160005502986984
270.80111710643683	2.914913247734573	3.62284585149271
31.00803427156465	2.537070994911471	2.021847709060693
594.0709632394975	0.5935731332419449	3.1778721591098362
24.349619127156696	1.524370020397224	0.4909156915366292
1451.9206920265406	1.093448210262446	0.9805987541174997
592.025250376202	2.0979704311389753	2.5457170218728336
780.474666342526	2.0893541567676737	3.160263505863329
2744.153268276268	2.5312709120588917	1.6318711052988348
302.0000674028105	4.352973398095543	1.9781747266135565
309.8283893682209	1.9580870419969463	2.954156597049607
24.657922639054718	3.1178749638932275	4.500812577212474
-15.733699770932407	3.273470499229617	2.33895021188871
192.86224712482866	0.528411118794595	1.8704482740242885
53.815575130396134	3.375368837627872	1.2577698420795769
1055.329221654503	4.300999211363125	3.301806168078864
327.3463268383076	3.193517930402617	3.2091172117496805
1725.5747509360635	1.6675086604675293	0.9348104648911516
2080.644664253951	3.506210092879806	1.443233169141565
382.03459303993316	4.604553126562921	2.396297172472399
245.1293445362337	4.464940841721142	1.4980110699376394
221.38249874075504	3.985116562937654	2.978418491054863
861.235153921583	1.9815265674730425	2.2945950984862074
535.087764719125	4.101689953263475	2.2608513694356587
135.58691187072677	4.613852960256924	4.047309677177087
326.3603337235673	0.672693383802347	1.8250269214983357
-1.559754317354571	2.670971878096055	1.0863701464262543
47.22208398659402	3.281898682022948	0.75213601125595
1114.9379712757905	4.056731633843616	3.607729113451285
808.7104243806126	1.7592984935472717	1.9112749430991454
224.60720836831604	1.879536963196275	0.20109676283635203
1940.3990690564829	1.9685159144755655	2.6646120991265705
932.7872574887202	3.653137698928726	0.24077515792586449
235.85844871731163	2.5399184740814293	3.744303459914236
20.901193454514143	1.7931161503968434	7.6406048830837205
62.40549957973993	3.7032836652019108	3.2583299072577003
1142.6141341233817	2.892893605296288	4.798818771174618
87.42287838752648	0.6183033155557823	1.7929020475868087
1402.3732185614533	1.9060242708418385	2.2817648158493338
0.6830790200941639	2.3255632266415143	2.2101823616412952
68.56085481094503	2.7313979089789666	3.3717720140603813
1030.463047812123	2.1924121266555443	0.8716464489848397
2173.4150247930934	2.269421290474258	2.4673185863080427
914.379390920687	3.1295192251852875	3.0726816755739277
2843.063343876361	4.406580366231691	1.8192691503962266
310.60021518112745	1.3036942134049756	1.7341775964651513
10.747424317673591	2.040210438416535	7.247153680764901
36.94483014529278	2.3817504919387202	3.42006881553509
20.411434223442825	4.114007401642436	4.582817662642883
-32.115413615961714	0.5833975548861334	1.927303088072212
72.95654789890673	3.8161528969659804	0.8952840262121069
0.411069142881855	0.886047322624472	2.923958765997113
245.38890123920132	2.5928030623113436	0.388524771075097
1068.434785424478	1.5656247049430867	0.9372864082565404
395.26901970411336	1.747419904357513	2.5306900977708784
748.1466429902557	6.3929230852426695	2.59432462697005
1664.1545914202522	4.380509146939533	1.8101987683965388
237.75188014599038	4.2931489304504105	4.060883560915354
270.74683059438036	2.049334730458454	2.848865492602262
635.7776039554584	3.264092954167617	3.6576588294318
-35.43850407922363	4.629979164015792	0.9011913175342006
45.70504112258155	0.7440117255366626	4.253632179137401
39.37290681592383	3.8235125088114175	1.255835106332578
6.405573045041949	2.392914062640823	3.6877640294717264
455.8571580432015	2.77318107221638	3.350495907781719
1926.3915499964812	2.3942198583942162	3.801437489445844
225.60827878091092	2.835230507237612	1.9118848503263803
49.109188740049085	2.0243235103257833	2.4118597942542648
82.60066338477257	2.054967083369155	1.1133955311521913
365.980793766464	3.0822165861937796	1.6733971021466647
27.255992445058244	3.679611249681023	7.671527101318596
52.610281122629665	3.230775414147512	3.3448535679500506
36.2127029416944	2.2101819911638954	1.9430017366994603
-57.05832172770935	0.47567036241160665	3.2308084875303402
62.263438774318494	2.6653452989626603	2.4568183173427642
135.82611064898407	1.1344622171058703	2.1846113497212225
294.58969533826655	2.846790230998432	2.965273217338208
863.3654405018272	1.8489923816463254	0.9581497370838119
125.93487957807946	3.5666844765368158	2.53116842336437
483.33367588774894	4.1621407787372995	4.785396737558279
2659.8421246900725	2.3709628733806842	3.388407847523186
247.02389742953972	1.8003328571667936	3.129603142449511
1046.933206926482	1.5364921494949626	4.651117978342585
35.92505011283944	3.362459607199828	3.3899239377528954
148.22416065203868	4.482204985057217	2.299373377560785
689.7907858535201	5.963387820764813	2.9500896193877852
1408.866320061662	1.940151281254309	1.143023323381029
56.061782758942165	3.3621559304696804	2.16137299551956
109.08318045638839	1.8353082903957014	1.1372386513599548
828.6489476182066	3.5803812612909507	2.0092864003349473
1907.754696806689	1.9068599283012175	3.556678555380699
12.346858482909962	5.68166028998469	1.5713865413346573
561.3064606500765	3.54879365615524	0.38605973252148407
304.74623037295055	3.5127687665855327	1.3424994894262174
6.608178777063092	2.0455439898967507	4.557853063217576
824.6320445609392	3.4249155457384566	3.232041341202215
22.663645994058317	2.2098552015448445	3.4020604760198427
133.28414235030996	1.32485153073662	1.5426209380827283
33.96004960875844	2.6197784795506127	1.856101264149779
1161.9417616519497	3.3604184687742626	4.0689230918201
111.15227645263658	2.488660804666071	2.9345003748761895
1137.7693675326839	2.918365576470285	2.722819370668849
1388.3285407653518	1.6352600070978234	0.07811855744617748
1205.1625112460083	4.297991775688947	3.5797176876731145
109.26565049821835	2.3578867297948203	0.8391944838104292
217.70742474625757	3.5308756658373324	1.7001528884560413
-9.753898024236033	1.9826940668089446	3.9524777342886153
55.36401043600995	3.444781617011717	3.282228935380459
191.92541220583	2.2042235083539645	6.1402308113684345
-58.49139386845946	3.829876227512609	1.674151182677289
678.5583798563868	2.6697048777144285	1.922016176661663
0.8450300968552595	2.1278380271153226	0.402110599613515
134.31058514838494	3.5200418451377398	2.945001337732914
764.1460229285801	2.0504723535320655	4.005174027772742
220.3611473434631	2.3732394352798365	0.15972178515679064
1123.512627995945	3.0611287461978685	0.00763588989520913
1078.3566294500195	1.1814360767856464	1.2862975113438642
150.06035511477327	2.988156367663933	1.5306530004787309
1656.9494581421798	2.326256463706826	4.650086026471038
1.7334351187766344	2.7157154887793453	0.9982835573795606
157.6938338893354	2.5146967126072592	6.494236680236411
82.13283295197603	0.5275865444761295	2.53417467167462
89.99282800092867	3.7939185841971232	0.5453873579427481
0.12540371049300308	3.8325887814126536	0.6498973777691337
1074.9437713666152	1.8435504788448602	0.912415886866637
663.7730961018893	2.0181222734473585	4.487048270560617
632.3108029479731	1.9406073468265903	3.18917844715327
397.3543493459761	4.157616130942834	3.1436298362156374
23.067349527351496	3.5924596284417776	2.262268081340426
169.78834866579535	1.7047831756904537	1.5540929571707944
112.56365767847075	3.0692511425759146	2.205133248209349
-0.4217035341557591	1.9473673391800692	1.0406424099320728
45.22360490290045	2.921768666976359	2.150474783249968
21.01648938932025	4.789430659680754	1.9796689063692403
26.23574693359709	1.2884114788507908	2.1672367314577046
49.27830982820001	2.885411888604736	1.7035801284486563
992.3066366077028	1.8412115421161435	0.6996448426722046
2673.6561995955544	3.910946971687901	1.987535998409737
227.67243582393178	2.806073006991951	2.393754381345646
0.2467251760168051	5.194214446825045	2.2328123553557035
387.8646050117242	1.1754249508787287	2.3751227208760253
328.7497350040571	2.9403685622516087	4.531490083110223
202.92287878815281	2.422641643278528	2.586284342143148
29.20437164873697	4.014402378452817	3.5099632834652414
84.17040655522821	3.1948873344321203	5.730341068123755
9.386492090787184	1.437184957968585	1.7930525787303773
69.23383425182752	3.6562321661608426	2.1027150272058845
2490.793609306495	1.4154004318854418	3.063704002398719
192.09077294595627	2.278988725073411	0.7045912471121577
829.321974257257	1.652255462532083	0.8257706021779189
