Flow 	 Preci 	 Evatr
816.0	2.03	0.97
2394.0	5.09	3.75
3144.0	7.49	6.64
2366.0	4.49	4.02
1499.0	6.44	1.67
357.0	2.67	4.25
71.0	1.67	1.01
59.0	2.25	4.11
-35.0	7.25	16.67
98.0	4.48	3.46
331.0	4.8	2.26
1757.0	6.47	6.19
1884.0	4.64	5.52
2558.0	5.2	4.64
3177.0	7.66	6.85
1981.0	4.48	3.45
1079.0	6.02	7.84
221.0	2.04	4.78
1006.0	9.82	13.04
424.0	2.12	1.01
25.0	0.55	1.64
76.0	2.93	0.78
53.0	1.35	3.3
339.0	2.67	2.9
1039.0	4.61	3.84
2497.0	5.37	3.34
386.0	1.39	1.3
87.0	0.46	0.2
248.0	4.79	2.68
-4.0	2.23	2.08
103.0	4.68	3.34
566.0	6.39	5.56
101.0	0.33	0.32
31.0	2.85	2.04
2565.0	9.97	3.82
742.0	1.39	0.7
340.0	1.32	0.54
453.0	1.87	0.03
1120.0	2.98	0.0
134.0	1.1	0.18
149.0	2.73	5.76
-52.0	0.84	2.77
24.0	4.2	2.48
709.0	6.99	13.27
-21.0	0.53	0.62
-38.0	2.0	2.34
63.0	3.26	2.47
610.0	4.1	4.52
1919.0	5.88	11.23
1908.0	4.23	4.98
2274.0	4.54	4.01
1776.0	5.46	7.38
305.0	3.08	1.51
103.0	2.48	1.48
31.0	2.58	6.79
-35.0	2.71	4.48
194.0	5.83	6.68
-6.0	2.65	2.2
79.0	2.48	4.12
241.0	3.86	3.45
784.0	3.35	2.03
607.0	2.24	2.5
259.0	2.09	2.48
400.0	3.48	2.02
229.0	4.97	1.67
48.0	2.43	9.58
11.0	3.23	3.47
-3.0	4.12	1.8
85.0	4.79	1.8
172.0	4.14	1.9
558.0	3.85	2.71
148.0	0.76	1.18
340.0	1.7	0.67
2218.0	5.91	0.59
3239.0	7.06	6.39
1743.0	5.61	7.17
1457.0	4.42	1.39
723.0	6.62	0.47
981.0	7.3	0.0
1151.0	6.3	0.56
239.0	3.96	0.0
904.0	4.91	0.04
622.0	3.09	0.1
1247.0	3.12	0.0
1310.0	3.93	0.0
2029.0	4.32	0.1
1079.0	4.17	0.0
1409.0	4.42	1.1
1565.0	6.95	4.06
195.0	1.14	0.0
57.0	3.67	10.38
163.0	4.67	6.64
-53.0	0.46	0.1
501.0	8.16	2.26
140.0	2.08	1.48
613.0	3.78	0.44
2084.0	5.15	0.0
347.0	1.31	0.0
1728.0	5.94	0.0
529.0	2.63	0.66
219.0	2.72	2.06
62.0	2.03	3.02
59.0	5.35	1.0
25.0	3.13	0.32
146.0	4.96	1.84
18.0	1.93	0.12
36.0	0.98	0.12
123.0	2.73	0.0
1174.0	4.84	3.84
575.0	2.45	3.34
978.0	3.77	1.3
497.0	2.4	0.2
148.0	3.23	2.68
325.0	4.67	2.08
198.0	3.98	3.34
119.0	4.19	5.56
72.0	2.35	0.32
136.0	4.54	2.04
747.0	5.08	3.82
724.0	2.84	0.7
1868.0	5.13	2.03
792.0	2.66	2.5
3718.0	7.57	2.48
2403.0	4.99	2.02
321.0	4.32	1.67
20.0	1.65	9.58
0.0	3.22	3.47
-16.0	2.2	1.8
5.0	2.68	1.8
28.0	3.27	1.9
136.0	3.6	2.71
398.0	3.69	1.18
784.0	3.99	3.18
1213.0	3.31	2.54
2704.0	6.9	1.85
508.0	2.57	5.49
115.0	2.22	4.92
55.0	2.7	9.64
201.0	5.66	2.25
136.0	3.91	2.13
-19.0	1.49	2.75
190.0	3.65	3.42
83.0	2.38	6.25
58.0	2.38	3.41
843.0	4.25	0.0
1406.0	3.82	0.1
1187.0	3.13	0.0
102.0	1.18	1.1
156.0	3.66	4.06
1935.0	11.0	0.0
496.0	3.97	10.38
153.0	3.23	6.64
13.0	1.73	0.1
1178.0	8.27	2.26
1295.0	4.77	1.48
700.0	1.84	0.44
1682.0	3.83	4.52
1341.0	2.33	1.92
1300.0	4.1	3.0
864.0	3.63	2.75
837.0	5.03	0.0
230.0	1.89	2.29
164.0	3.5	3.27
402.0	5.28	6.28
4153.0	13.24	2.16
819.0	2.91	0.0
597.0	3.32	2.2
1331.0	3.82	1.15
1151.0	3.56	0.0
1533.0	2.89	0.0
1089.0	1.92	0.0
1712.0	5.65	0.66
376.0	1.38	2.06
371.0	3.63	3.02
273.0	4.26	1.0
-47.0	1.31	0.32
37.0	3.77	1.84
47.0	2.67	0.12
285.0	3.66	0.12
312.0	2.66	0.0
3006.0	7.91	0.85
3393.0	5.13	2.41
4393.0	8.37	3.59
959.0	3.74	3.89
373.0	3.95	2.79
114.0	2.36	2.61
28.0	2.83	3.24
31.0	3.07	3.34
80.0	3.82	6.91
37.0	2.99	1.36
57.0	2.19	3.3
278.0	4.75	2.96
1598.0	5.51	2.32
480.0	1.9	1.46
919.0	3.0	5.51
859.0	4.87	1.09
214.0	1.22	3.78
110.0	3.28	6.78
34.0	3.28	3.29
201.0	3.48	2.15
5421.0	17.8	3.25
607.0	2.67	1.2
296.0	1.59	4.23
419.0	1.74	5.7
1127.0	2.48	4.52
1579.0	2.56	1.92
941.0	3.2	3.0
1372.0	5.66	2.75
441.0	3.18	0.0
281.0	3.82	2.29
630.0	5.34	3.27
455.0	4.78	6.28
279.0	4.42	2.16
-9.0	0.08	0.0
91.0	2.03	2.2
148.0	1.85	1.15
160.0	1.98	1.22
473.0	2.91	1.87
1986.0	6.28	5.78
799.0	2.6	1.16
121.0	3.12	0.44
332.0	4.59	5.83
326.0	6.46	7.89
247.0	2.71	2.03
82.0	2.33	1.41
-7.0	1.41	1.24
4.0	0.49	0.91
74.0	1.92	2.04
568.0	4.29	4.83
210.0	1.02	1.21
333.0	3.01	4.24
159.0	1.57	0.54
-11.0	2.02	1.41
-66.0	2.32	2.29
-3.0	2.87	3.67
56.0	5.18	5.84
99.0	3.95	1.81
1814.0	7.96	7.58
1026.0	3.38	3.43
1965.0	3.32	4.07
658.0	2.13	1.8
2131.0	4.77	4.29
2953.0	6.71	5.17
2923.0	6.29	4.54
1617.0	5.47	1.65
973.0	3.15	1.94
882.0	6.48	4.9
823.0	4.28	9.7
646.0	5.77	3.48
189.0	2.87	2.97
268.0	2.18	1.49
1092.0	4.12	2.84
240.0	1.2	0.92
961.0	1.99	2.76
403.0	1.54	2.28
479.0	2.32	0.91
289.0	3.48	3.1
67.0	3.65	4.35
179.0	4.68	3.81
995.0	8.72	9.88
535.0	3.95	4.43
183.0	1.76	1.42
585.0	3.25	3.14
707.0	2.11	1.85
857.0	2.87	2.31
636.0	1.91	0.25
1463.0	4.34	0.39
589.0	0.74	0.34
135.0	3.52	2.75
141.0	2.66	2.8
36.0	2.44	5.54
17.0	2.15	2.14
-56.0	0.76	1.24
37.0	2.77	3.87
132.0	4.39	6.73
688.0	4.98	7.14
368.0	2.67	3.18
343.0	1.84	2.54
103.0	0.84	1.85
324.0	3.79	5.49
131.0	2.87	4.92
1259.0	7.2	9.64
516.0	4.37	2.25
16.0	2.83	2.13
294.0	5.5	2.75
179.0	3.68	3.42
2360.0	7.53	6.25
630.0	3.42	3.41
1082.0	2.13	2.44
586.0	2.11	1.49
1023.0	3.41	3.04
1060.0	3.54	2.75
137.0	2.7	1.91
47.0	4.28	4.85
-25.0	2.56	3.7
-46.0	1.47	1.33
-44.0	0.92	1.57
86.0	4.55	5.68
1.0	0.58	0.53
186.0	3.98	3.06
101.0	1.52	0.85
221.0	3.26	2.41
887.0	4.81	3.59
1114.0	5.82	3.89
223.0	2.92	2.79
81.0	3.73	2.61
174.0	3.17	3.24
252.0	6.6	3.34
1930.0	8.02	6.91
66.0	0.85	1.36
230.0	3.31	3.3
990.0	4.12	2.96
736.0	3.21	2.32
298.0	1.54	1.46
2357.0	6.3	5.51
542.0	1.98	1.09
197.0	3.93	3.78
638.0	6.29	6.78
30.0	1.94	3.29
26.0	3.43	2.15
117.0	3.64	3.25
17.0	2.18	1.2
1787.0	8.49	4.23
2768.0	8.13	5.7
1546.0	2.99	3.82
2200.0	2.79	2.68
835.0	2.71	3.1
185.0	1.06	1.63
1060.0	7.08	5.78
130.0	2.46	3.04
40.0	4.07	2.07
30.0	3.2	6.62
174.0	4.75	6.05
78.0	2.49	0.88
18.0	1.05	0.78
107.0	2.77	1.43
110.0	0.78	1.15
237.0	1.72	2.05
621.0	5.37	2.81
404.0	2.9	3.2
342.0	4.37	3.08
-19.0	2.81	3.72
-8.0	3.43	1.78
-15.0	4.08	5.14
107.0	6.02	3.85
41.0	2.55	1.99
195.0	4.27	3.14
245.0	2.54	1.4
155.0	1.58	2.04
275.0	1.94	1.97
913.0	3.34	4.2
125.0	2.73	1.48
348.0	3.58	4.17
25.0	2.08	2.56
50.0	3.87	5.27
141.0	5.71	2.71
465.0	7.51	6.47
57.0	2.8	2.5
1.0	0.43	0.59
250.0	3.43	3.0
854.0	4.0	2.65
980.0	3.82	3.54
494.0	2.22	1.57
614.0	3.75	3.31
995.0	4.65	3.34
1348.0	7.62	8.36
1262.0	4.77	3.41
268.0	2.33	2.24
12.0	2.49	3.45
5.0	2.69	0.79
86.0	2.77	3.15
1000.0	4.75	5.24
936.7248578356216	5.04324966719173	1.3854770958587819
12.472840718543308	3.274703662922749	0.9344005205519287
791.2028134144734	4.563595256452265	5.367480489675984
141.66055095790279	4.587024369823221	1.6578008568636156
1004.4801757166716	3.7002333397477227	2.822227300345968
324.4204274342352	3.5087069343429573	3.1570018957883725
262.6776856287117	3.146778425618874	6.022030464636779
149.11516897132438	6.7630470237559726	0.2984337923955245
771.5170254155944	1.9605611247888564	2.016647651439034
84.43222148042943	3.3357755148808708	2.920582638827963
227.0030738224949	3.701765926159427	2.9476515976174325
1239.7692005660988	4.60242549933546	1.3931392851578253
2426.200678173442	2.2887438989358477	2.464119763725147
817.5830388866675	3.6007446871014683	3.3982085281964287
155.19187559274732	1.654374445200288	3.4279691720104815
1596.7042523064329	5.697627186761949	3.2003299389009503
57.2938163903085	2.3300480985098777	2.964280068249704
408.63835354127843	2.6489635720603815	2.1884578905246825
16.540055038909284	2.8903756495104123	4.229544377742008
12.77757539727651	6.6223633757304246	1.6297064765024476
36.24371716081203	2.91276667871304	1.3619396510783706
147.80901692781208	4.877373991480465	3.3590990279503075
1257.533909971777	3.4694779947241874	2.9490822156020693
328.02757645759993	3.090398212645936	3.23781106008365
2356.693603602069	1.8123594678611066	2.4555159475201767
1386.7336344417104	4.343137934404666	5.40230028428957
477.7686880694506	3.716896152607547	3.9151017778550865
29.560286150258115	3.2827309857683913	2.8110251707123863
316.47913179073925	2.6232509688526777	2.94751735331998
-2.4707939879879954	2.9912333861482203	3.7504766347036944
27.26389126867578	3.5144266353569766	1.9476060247516702
599.9897838860581	5.0423747253293305	3.3486775809156546
127.19028005699172	1.876121449566675	1.332592939077541
115.92327874299964	2.081421041103474	3.4947390196086934
352.4816783708049	3.830533012182959	1.9756633095412282
779.5266016176174	1.7593160123569542	3.2365371807905556
804.8000770248478	3.3059502555865667	3.606425710158339
3189.511947955496	2.303119224258823	0.5214297436572695
1641.2568790777507	2.6514201239324136	3.472922855143971
219.92269595908127	4.310267429948888	1.7063131860639282
117.43881695192991	3.6836791311251504	2.9403179481104202
29.28043281984135	3.436829564174119	1.901023274886784
498.89288378914114	4.096348669001756	1.9011686768629856
-53.71362889435296	3.892046866850125	1.611537114832122
104.55840544337272	3.4637042012536297	1.7783459585432388
1049.9167609297	2.3782495416795735	1.5012972489113554
387.5139253326753	4.494375141194615	0.577071323731736
1624.8652210234416	1.4849529944973412	2.5482302083601827
514.4610369522654	5.109744815412866	0.13448843167478863
0.8745112354614059	6.839923146939054	3.7331723214946826
509.8354226906321	3.1146622402585025	3.4615792461859534
1576.9745515814127	3.3229355243083223	3.8313363988407616
413.83960513677897	4.55343026423609	2.590227752173621
1114.5048004110158	5.091909445778008	3.274512029612316
24.093008804520906	2.781135291971692	6.368432198347872
-9.526690464153287	0.5678882410536581	6.5305387868791875
181.6915388765266	3.8879236780960795	2.2791042608411614
505.18590195120277	3.4806754258588115	0.7088153431679005
218.84326608300958	2.1918363017489906	3.000621263325604
2108.93725961409	3.9777591989850003	3.7856177899262438
3086.5451233854237	2.798424915782445	1.9065971243499653
404.28469269812604	5.457321205575412	1.4359078566723877
2160.4791737076075	2.3387278424128515	0.6639571353826061
149.61434370519544	2.9484095207770995	3.0535604722338054
117.41945094070824	1.8811426090216612	6.875812137345161
31.022001015362797	3.957918160523713	1.0911277551958956
52.383555429121245	5.951565982630414	2.152794708732432
36.651676218243935	1.380500587521821	2.0249705151091293
170.72130124317312	3.972991435830586	1.3253813907365761
235.22630321755602	3.2289200400794673	3.6800158650353425
639.0837597760695	2.0175145394177783	1.14699968499599
1170.6073663542265	3.2009371488854392	0.9403188097125471
3109.2086951771334	1.5262744412109637	1.4516376693394772
1092.371433316631	3.0073581417000037	0.062133308992434355
944.0621035908471	1.5792502307445346	1.072235898740241
106.8341515020744	3.487066864537722	1.554239596762531
136.79719524323582	4.447394516728993	6.473068907060339
438.31304142004467	3.269342595916633	5.032765227325115
-3.6743185728959684	3.271037489422588	2.144786378821996
137.97771500382643	3.873892005413453	6.514963950389911
19.59217136851232	3.6210482693170185	0.7216718882904396
1083.6739213208507	3.295896535688162	1.0992766133018441
136.97203753657683	3.8279045891309025	2.9965830215495886
274.7013524216337	2.124033520213247	3.3380675569062945
1382.0789421350014	1.909062516336914	1.4757273578203085
987.4326595367734	3.003598970099255	1.9546825189319013
493.48867350088636	2.430298399546482	2.413205784107399
136.77726008873236	3.2093781012991442	2.858633818149014
54.66528127612359	3.653321389415986	3.1554299029953574
53.31622214311561	4.75575965239717	1.1095391260842922
19.077599292095176	2.2379436752147397	2.1071772367497
142.27219285626322	3.965013437760266	3.559409101517752
12.310930546181922	4.456850558714498	1.958407956399292
81.1170888549746	2.1887379399372153	2.9704923644513372
643.3085461245419	3.811822605672313	3.7953954202107663
1056.9951320193286	1.502173431949627	1.9303212052102654
243.11004680784814	2.4736165093271443	2.1464791313347438
730.9452951672795	2.1041559743735863	2.6688226071861734
140.2567940944606	5.535323965656718	0.7195729761467285
1004.072352793861	4.497715547647638	1.5897391757097152
114.82496220538795	3.6559854258367896	9.256926365615572
535.1817037865803	2.477024449148529	1.575801211887576
155.65688775955297	5.730540512864568	1.8566359441537497
30.660356094434125	5.458590633962059	2.4826389995558893
356.222426185049	4.258711016955589	1.0299522627683886
74.394152450583	4.732597293631736	3.817008663518203
2187.712816844233	3.492652764555711	1.1607283828100001
1133.7846500766148	1.912706993789941	1.5316390801053517
2257.1723680122714	4.252173442323418	2.386832599135848
2034.4576334722992	4.282422464062228	0.8179870265533177
152.61980279439433	4.438084381461252	0.5194828063753354
91.89962931877146	2.422732404353425	3.6178756015098474
1509.1119146964963	2.49280814532547	3.0973411359391454
648.33837968027	4.322069916736651	3.4862628711770642
926.1289857945292	3.1915283324115715	1.6721143244987005
4253.7516947471495	4.716729618938976	2.6538277508370514
1153.632226898838	2.702904305921443	3.5094371074870296
298.6237420511522	3.843763285951549	0.9451890542419117
128.49761794084745	1.8093551120413511	1.429283738182397
840.1515688959615	5.011728481900885	0.9907809300165472
621.7983423556683	1.9961255100904765	2.490474827913296
1143.5855363121093	3.2753872239616966	2.1685091025667473
421.8897146168963	1.1380240385395086	3.4773441968151246
1015.3893923145929	4.442388175191018	2.98600284013467
26.132021719985747	2.692850428228063	0.6116102550778239
29.14169670152643	4.134801382628232	1.861412097231576
700.3025777239213	2.762135596468372	2.1137961142628843
1772.845096494314	4.785087791405605	5.087730712378271
26.776656301752816	1.6724991439306018	2.202348213719736
894.2161719184737	3.675072190655338	3.300106985946882
155.82618400944312	2.6685685394964764	1.166502637613321
1884.9845134964396	3.7105097915264045	0.7842748555866811
2199.7366435395456	4.578356962935161	1.8997252976352184
958.5215342262259	5.868161378886175	3.5489035160672415
1124.0134737316248	3.6617737313285526	1.0508202156393676
1206.8242112096343	5.347215070480495	2.252080634630716
54.122314075103276	1.9720915115872257	2.9720280442419624
31.353401152224112	5.693531486131661	2.161530008860239
7.174846969007385	3.192784700593202	2.1180460177992892
-54.53849856671642	4.158896179675669	3.3713224234755286
32.31570659788022	2.2364954471685263	1.0737828190554508
2206.232077996327	3.281985650020204	2.2640190760448013
623.7168988064165	4.010220233277345	1.6028405330857636
860.7323019129904	3.414988400630898	4.069869764485468
3222.2534065362083	1.9430804840142737	2.415888081183414
399.3083291641526	6.990549949738486	1.6469530812692408
409.8886603816431	3.983510751046763	0.6447515614431789
1265.022373776445	2.461034778992511	0.9777281422472932
319.6704985900342	1.8801265005625367	0.6825284354763298
28.42949442265206	3.171148423835789	1.5565057424762831
17.450207531840114	3.170967550276365	2.7571264641043967
24.59583520299814	4.836775677055799	1.7942606386294435
346.7520621767012	2.895804115986108	2.2576626507230073
717.9760563628018	3.510965255730587	1.2077463036729832
1124.0412030850232	2.7379765091798687	1.1776399794430243
1856.5563755587746	4.5931170420460585	4.077511617887222
1056.8600071332407	2.7676244163550745	1.8926930125389376
1093.368937033853	2.9955901646729344	2.7863323129837227
867.4764104825009	2.500915152720509	2.431189581912041
225.74409516386962	4.904724239270899	1.8380427572076292
51.4948959874904	2.430940489235487	0.6834589228012233
768.3430144315464	4.160711295113972	3.176005844963765
-8.59487491111853	3.3603991836655114	3.0829831549463123
117.11735675533662	3.414419526291312	1.800528798182716
40.5166908079163	2.6713754028149337	1.2128504049383755
34.92537283014667	3.425630559436481	0.7115319619493681
616.6622794000648	3.860843617633005	3.013255200495415
1686.8891279948377	3.3226084641604827	0.6635629311893327
672.7593535575307	2.8218014027448484	2.835034646043405
625.5875873904947	3.852422146571473	0.7905619870094063
141.85940822667885	1.1046219553904417	3.144911645138905
224.67384274076613	4.53172073616603	1.6641171514431856
123.07453308603363	4.136512007959624	0.6950750574730169
54.41176955393394	2.5824702754045394	3.301026771899382
241.77449323742118	4.110456356275002	4.201389222721441
103.60765677745923	5.398623642348382	0.3492034713364607
0.9194643297921237	2.6696768461320954	3.4931651454425596
334.2781500669764	1.830332215289493	3.366988577166817
313.16795062133707	4.049973198945806	2.0049632485362574
280.28117829451674	3.3349601872368013	1.9283156309156908
587.1836683693164	3.193519494853134	1.459212330601572
910.869581196661	6.475640491938218	5.221687291213805
1772.5231581651694	3.7218888756246358	0.2948454388311549
318.8283575470939	4.758908513817837	1.5395766872715124
209.98311144456613	2.8671555214008593	7.288994557174797
136.2904343035694	5.2477621263464505	3.243774092808543
5.15956750506407	4.374368187798228	1.9780086436979891
-17.119003249627454	5.7401077560542255	1.8790772049227478
73.03299196112062	4.528391013657656	1.3368438045055686
14.792606177615038	3.234506007811885	2.852304576885076
80.00976959055006	1.851341933504624	0.6125240435609449
37.90406482466465	4.453633743306283	2.0611736001432335
139.17687509766134	2.3403942021767365	1.4423717228022783
4317.059693924165	6.441094686152268	0.08557988783725771
1021.1064125621139	5.558435878701245	1.4418378816447084
340.4468584174864	2.7423734767759234	1.8971878009817449
-33.91804861447946	2.6709435852994363	2.4198174824081886
-0.909142661844073	2.7832470095976642	3.6417521581128183
440.71360570428646	4.118327064912957	1.793421874468243
2648.78914448041	3.9019213086957425	0.8639609636903304
1586.3459063638552	2.523664732199099	1.1926769896025298
54.92660442150677	3.2845355955538524	0.4862268958395363
87.3339007664644	4.586286785559036	2.9630757734396647
122.53367150568218	4.384942214399663	2.9451073243206096
12.638513066709496	4.34114667614233	0.10098815686367539
1137.5990683612067	4.205417154834634	2.4975810664325806
416.0219971857246	2.1242358998776294	2.9483928498906438
128.38068878049722	4.0422460647730984	3.005682552396218
490.20670775886725	1.5635706467609993	8.638171121462804
0.12392333945341338	3.4139815242192406	3.264420852279703
147.97345347630787	2.836461425642167	2.138865334919697
10.728206137230732	1.132891175016753	0.1525470157098659
-12.762929803768323	1.2421264491378399	1.9420012371082422
1.0751101466332478	0.9077577748375445	4.021405388452448
133.38855346543255	3.5172563901676854	3.288794024086409
789.6483279400235	4.2934174653879245	2.5184071369867094
1612.5446840163577	4.786494505552756	2.507339894455892
2976.934907477679	3.1906559557376952	3.0296682169210767
140.02842625462586	2.3562408980585943	2.491698341865321
141.08630301544176	2.755221432202148	2.6962802647527475
49.51407652741531	2.6750075376975615	6.311563066050127
305.4792182822579	2.7714495358999303	3.3079496989681187
-2.2231146310949015	3.1506165460860136	2.0177494547583645
3119.6037657941406	0.504473792773732	1.525238773985567
33.344647768855076	4.525569274887166	2.118824752763048
57.569116491918784	3.4927092585352053	1.6407453174246753
697.7055227239881	3.875003582947715	4.971131326698725
597.225517176237	1.8401936961605305	0.39914751388382397
475.24451338614995	2.9514977469147796	0.44068422434055277
120.2923807997548	4.21667632011113	3.0390873114219263
924.1647140186658	1.238693377388775	0.31722298789534104
164.2565606669792	3.070178315490377	3.895696899400882
-11.082560860998925	2.6726783784659767	2.768646582522635
514.986006539687	4.272318210962743	5.637750411497982
72.15513405987024	3.45458544267285	2.9523350159267117
96.65666859042454	4.826990048314792	1.9608370372817117
37.718498599579604	2.870560527371962	-0.006701987930196697
1028.780330941305	1.6554829102085205	2.3097355762672485
1125.699939334437	2.8645515156266512	2.93641843362891
1020.9569667147023	1.5157497670384201	3.9411630965205027
498.15069227424186	1.657981708853768	2.480776668463355
951.1364037618448	1.533525703191879	5.207329577554581
168.76395085647724	3.0745491047260707	1.3097243827403462
190.2322190891184	4.55418447446265	1.8196022825791691
333.6216694381997	2.665784679914635	4.3996033985462315
219.8577574545442	2.855912616733389	2.264453375329034
147.672754743398	4.156128737683234	2.1436595509515413
217.85185147664998	2.313393939438355	0.19176840435408443
-22.79543417113792	2.877755831884635	2.0014347195035285
5.156649792230547	2.1562433440145163	2.6984689890705744
554.0352139686764	3.3176679655069807	3.3796501993507864
1020.0123094193752	2.7740962188578724	3.926122710231484
1181.6899373340907	2.558725485522457	0.10984101963652958
409.6474557909884	2.0932296911908788	3.1607066562927373
562.3020199631325	3.0948600494903253	2.6215859982030545
154.32977549991293	2.9262333385511217	1.668906794070321
52.35882593763736	3.713263574038899	7.8139594250427935
23.345655014949273	3.612091205957366	3.402269772135023
-29.195515049501584	2.2231523940503526	0.534397008852454
3365.961084003597	4.1583542851249335	1.8424375944238036
448.670529805978	2.6578126817956287	1.0109446591518125
99.00863239927322	2.389513549173713	0.6434007800776176
1181.232742383895	3.8157431088074114	3.4736668639258452
336.785265014084	3.686734099416336	2.00212768962588
546.9681528139663	3.0638885682524677	0.3183552691357354
351.84748477498914	6.335827161076478	1.3700030150264313
25.175343534983373	5.045931539291312	1.2842502754571672
-11.150421306664487	2.420134980893901	3.8997759915191783
56.94392462065187	2.46424172248442	2.864514808554769
28.092543518601072	5.185227968770437	3.3901725757236445
640.3619858549255	3.6622925588225748	3.2930393289528093
8.703608086837072	1.6699584190426457	3.5583056665780743
1482.3735431925988	3.5228350495009595	1.842697223719996
47.957581363826336	3.717303402575381	2.4009250354010963
1373.4469709394446	2.892508610809734	1.459274453959151
339.04377952652527	2.4291591316414776	2.03222790370812
12.094100275519576	1.514273130383652	1.9501965758365738
151.14411289124	4.422311200712817	1.859890557959806
350.0981929496501	2.599929187582506	1.048193430111494
1574.067270338976	4.4583280245928725	3.9755904309653967
66.88736876347892	1.5019477962361618	2.236148753028622
822.7238469811673	4.786811986119618	3.258304353700481
444.65545152009275	4.201286304560112	1.6982656962674505
110.27243031633422	5.714112801403277	0.7024676758282332
21.521429563273628	2.050216313664378	2.2947199967047562
82.32590104177554	2.005769304534377	2.687275849155372
233.6272203941626	2.1251089133278454	0.2802792209793659
1166.2013762331685	3.5559032290118795	4.181581436796068
481.1080920404975	1.9892653653527257	1.9416555736483678
978.106772291207	1.8609916544633809	3.7699385953635196
1706.1368983285417	4.6076682307043155	1.1133711967545274
366.8242532931128	2.755621443041688	1.9133914539750678
45.73294796219188	2.4509250340324766	6.7135212773279775
33.07020634409011	2.5395380985187685	3.4643701002191847
167.2980052688292	3.179845329787122	2.317872928186591
-28.097268263319656	3.9052326847689334	1.55180430424728
-8.037224245698582	3.376561234320361	3.4784398371047462
111.84308776311899	2.8285874782191613	3.918748072450118
553.8970648965567	1.8414601137600342	2.9491600018743074
546.2398275218975	2.876332982063277	0.6266919357818435
339.072649729057	1.3793030487511069	2.074906060397855
372.39761562229506	1.7699772512644878	5.652202843217536
623.4732648481901	4.384828710443256	3.215294462487285
137.55349684859868	2.7492504164713876	2.6885725498200337
1694.4268240841407	2.6662507950799723	4.552734115415487
32.91339359064188	2.5003923408208335	3.413011748801435
142.53460032551195	5.539478839397925	0.7480325080985737
13.195279223884022	5.699211145146337	0.9897272908869748
166.51772376789447	2.0046839720038645	0.7462753787715524
2283.9896862434566	2.558730309890067	4.041169058069013
352.6382277968699	1.8443988018692434	1.1090154260554912
107.24966785823966	1.966735945849086	0.8858064423745922
1250.2946296187547	1.9807336448631994	0.09828721589277249
485.9214627747099	2.9996480564640593	5.597345904418454
157.55769326427742	2.598319715235188	1.459177540330969
136.48294131600423	3.3229779481193167	1.4095596639810775
228.5386828216042	3.288508273728568	2.976492307764333
248.0701831786779	4.52574447477969	3.2594676007589274
246.71903459742427	2.9967379018169513	1.8576388116042675
103.82477285182532	1.4564032978672141	1.9849002527749844
79.16787577754289	4.241059702825658	2.0439296161721137
635.0928124878031	4.5970079588843396	2.3004510222445833
1019.1094962718626	1.8487989643553446	2.959084736736074
105.306473722563	2.5182866213051533	3.235664148954735
340.8323957894324	2.069204164564051	0.5601751318093201
284.571722341639	3.891426094554893	1.7707032129064688
34.05153849212872	2.396996799895025	2.830268253299045
1029.1442066886013	4.171610726165135	4.232277221892119
375.64599380703567	2.1173084773170334	2.902887791995176
186.85893447952589	2.449206645887346	5.375803404627706
154.70500830632056	3.153082621591989	2.6930998239381214
61.302236069452555	0.48567415958302995	4.850664459469997
29.174548522742626	2.6678046057932754	0.42991528271230567
652.2980456966193	2.580413118804152	2.6170186126359654
260.7924926857608	1.6699854068308766	4.527496891600442
1750.1228219372892	1.2698187414617035	0.9936614743507949
524.0844586245139	1.2787264439850683	2.003228461050209
2710.4376992849357	3.013895942606726	1.2630607516006482
88.58513955351576	1.4256789045649412	3.8932202468662407
135.05034573481268	3.1391498221683296	2.7825956294896073
1191.1834329309531	2.6781655206843733	2.6338248428438304
184.69575659943015	5.222555240615184	4.9685037883521925
4.282241973804271	2.2179859082728104	3.321771558566427
-31.655972930501186	2.3943931257878983	1.5692718876516452
35.55463585457075	3.378456098219762	3.406395205197898
66.22093888713839	3.3597538866254766	4.026230474567424
1410.876537437731	4.180210052770643	3.221369140014739
697.9811102779297	2.114434152224392	0.906760913064433
2136.429756926241	1.912193338647087	0.7099391141946589
1084.9218636166406	1.746242003074886	1.282204481723279
145.19977073360337	3.857190170262997	1.1669240168456394
315.58737721308694	2.7216021634989485	1.6636211464206907
2.245034152162556	2.3900933122901122	4.658568651366575
54.24537481001039	3.5207147664594	2.256432843401984
-49.348157718715356	3.12458686762578	2.126821019964739
212.47467124411278	6.187709178785836	3.594432729393275
-32.04239134463426	2.668121398726382	1.7765964279861621
274.0355518759387	0.743698962262137	2.6337830538928753
206.16621999543136	3.617095762307363	1.225097433439607
1132.7660668288806	1.6104080162702366	2.037727537868401
196.8335772419576	2.7560381483983	1.7272852397535812
2.8316760885737344	2.4530119735846077	0.03184054698417966
109.82806727121944	1.0955933431646483	3.8717942507752876
333.6170628550911	3.5856206443603766	4.620138507597093
65.49815263910314	2.071880514163469	3.036535636627469
573.4803043310462	3.230478548904945	1.3226113225973029
-30.742185789304607	4.108113796651362	2.0174414342049998
11.36038387210485	3.9314374577867235	0.6429802374855453
76.7260365354789	1.2681153560981382	0.7399262438076504
154.7292630628211	0.8281142669428688	0.8894602526327329
172.96443292633913	1.913938762315225	1.4894090417302965
88.03250495039815	1.4200528456728472	0.5407175686400871
2992.1961907460022	3.113277638919995	1.4711211835663753
978.6372068278332	3.2329556187152177	1.26171835132808
2668.46196049093	2.7070166643465674	0.4422906467697887
135.75741275735965	2.7818922982374854	1.538419684833631
38.346727218705475	2.72383751983693	4.488050817614949
433.6654660152537	3.6509949909888504	3.344615379305054
27.47767595619305	3.336806504252516	5.438973661438026
231.38607808294014	3.896176330530792	0.4419476991039727
101.00514961178548	2.616102302678849	2.269809111253408
201.41432682357154	4.299096965498301	0.2697011821934097
136.87736658357852	1.8503032980096998	3.7713972665582136
1512.728679501445	3.409748951913237	1.6428496954356568
268.10577617738534	2.3879148695015053	1.551427920103592
949.8244512544891	6.1147275626852355	3.980108515045321
141.8639756039686	2.6253793779416843	4.67259059514233
135.5963267975771	1.352644548364651	4.399689438037596
120.35180324117036	3.6851708856100704	1.7723361128683814
949.0957009669835	3.2936609853878545	3.8132692642112733
189.30376961857098	2.181051737539874	5.200003147153673
-27.260290600866103	4.687040904907306	1.7948212736163491
10.063014567209956	1.0216805514900293	1.2716771108699285
142.546139150732	2.044438974905448	1.9878649663342662
3.80636093454644	2.7646397783456016	0.41789708102766754
547.2239891536772	2.051126840009746	2.3115585933317755
3152.4942648699525	2.6708439280953553	2.474372299771429
839.4186641152701	3.7544260272060153	0.024700691889008235
33.69057974822661	2.5941761755578003	0.5996519858215593
182.342713734123	2.950392670475005	1.5163889676207685
118.90754006825179	1.65370489234118	3.1386604175718738
29.529053055258743	4.22545406239218	3.3202743855077888
195.66282370694114	4.180592224531555	2.1537398136207013
381.15915974423416	4.885985170419464	1.7959777250188362
19.838439900329274	1.9770430834499548	3.3847663152674774
254.08606702548659	2.1093704933041133	3.5589730911239146
711.4958388726319	3.8192875798599473	0.0786452178727419
1685.5504633626017	2.072537692487742	2.041366364434385
537.058654435671	3.1559423522915004	2.5487485696571137
1765.6895703209277	5.999303096642088	3.8762005769546377
2235.1917389552673	2.4025865971639306	3.3180842041217034
222.60904552898103	2.6939556331174415	1.6725453504057788
2.675116169494634	1.6434805918783764	0.5964942477111819
-1.0775084625626699	3.7742020160466088	2.25668955562654
28.716247515964543	2.230950643888211	1.5971539587283474
102.78184208661393	2.3590710068453435	2.790167062305076
77.20333428152368	2.3252798079557713	0.47051265575821677
133.9743957517694	2.067130498194937	3.1858470652484825
312.57820076207935	1.9245850036207048	1.1731633493870004
148.41080452557725	3.9609975213293853	2.0417747281884875
251.93002127042277	1.9577741647529012	1.4738651143191788
273.646725728911	4.54529932258138	3.8905389341702117
350.49898959304977	2.8951871805885743	2.786136167977016
470.03107736913967	3.5380014241772937	1.5067833957074086
182.451958758286	2.3322140897141663	2.183883476002243
27.736426961719495	2.583234074959209	2.3342369305383506
134.09979293049736	3.7183275627510013	2.1401422967593384
12.597594397699766	4.257700496447644	0.6490778863626058
-30.821416300778218	2.8287545028657504	1.3607613069700375
141.2811302103668	4.324166305897954	3.527779096276474
66.80920500442873	2.688649529639903	3.646487209339124
43.48055699837441	3.605926095835965	0.8016443167404129
846.7382530593137	1.6162461867686215	1.9198387240681374
1281.816486277	2.8245920687460604	2.360299790459462
1024.0034344048438	0.6203405816017372	2.859899213333518
1005.5995293648105	2.749128923332671	3.7874416404098694
516.52916849233	3.6526892129551345	4.872031018933862
32.99182512796249	2.6910597628398585	2.270973694276953
-44.0328485776365	3.1199247722675905	5.372480947874725
14.955009101601611	1.7300375513103536	2.5379139552092327
-3.9301331756618714	2.853973490525406	0.1675879370600983
581.4725571528171	3.293232375088977	3.870275257483812
123.1984533183118	2.283303378120213	0.10099620392306773
335.33120940785744	3.2584534719749283	3.882496652515651
485.92187699963665	1.9318722673563051	1.4605374861058995
4358.8853750061435	1.4674161363690095	1.706675210659337
140.3049852113192	2.7148035391715637	0.6735515613418989
146.93951868872455	2.1211911248311788	4.328388024816907
1.4556582380928547	1.6061282008975832	2.994472384816716
185.07434230018112	5.2441287193533945	3.594706956573443
54.5201667777088	4.16616088230895	6.355658644150965
-48.057814905215736	5.044620136785743	4.215383700117773
5.254502121573756	2.9193158940130104	1.1275039389821124
0.9873114258690421	0.4635264298371327	2.460094745071696
1009.4579496259212	3.6032980575500657	5.027462269107781
30.5515691462274	1.5814223568932682	0.8448126155138902
1132.6673202598922	1.807993887258215	2.4184159290296265
3013.3399570235374	1.8150827721073806	1.7468282260320058
527.7822367934518	4.03714667729511	0.5719745114701409
305.6764584564048	2.77988253324581	0.6367698529779655
179.16485341919875	1.344724428088817	4.397642841965119
266.8374875751303	3.2198011197091816	3.30566998301513
153.8056113179529	5.124189870908041	6.504176644648462
104.8185306079573	0.5600868566565006	2.164016960506113
57.873905283995136	2.363434772101275	3.4337421116068474
138.02301385185123	2.040884099715857	3.13027381565428
64.09267078388646	1.7286374579089956	0.8207410827511402
24.35644949877008	1.2970990421195323	1.057979580299585
501.747646640759	1.8810091550976513	1.9784354239172848
165.5169930520696	3.059755755076837	-0.055024057392969665
69.82607751122796	1.1077685309523773	2.8812984481463895
1315.7525801778672	2.802650791958265	3.772561042811258
226.01980946079408	2.1263119261321797	2.822294410747805
-1.178225758590509	2.963907256432826	2.2229825256795404
22.120139599455566	1.7284895267625195	5.525957277668945
11.173927289524196	4.427474557361047	1.8087948053816276
682.3340938234458	2.838425326818847	0.12023288532205101
466.7303848650354	3.803602937548524	1.416457216378423
1450.4204079435249	1.8557866797641043	1.4813975352842912
72.61256812407454	3.820230823616508	3.848797176516953
222.34793895538476	1.9248534077378168	3.3544991548043734
391.35217476598524	1.9170234178711825	3.704941248240899
91.52679544181487	1.108506230562156	2.8287597744418655
220.90947353520363	2.9713513832817804	3.7983828933092076
97.49237757861624	2.688371539944156	4.67218892627703
-6.558431113013302	2.7421739734346287	5.299645384379015
24.14762318354818	5.2936217769434855	0.6152865161531379
5335.296797336587	3.9084443670514952	1.1611464430509888
218.81945373968912	3.873128590267294	2.0026980624077013
312.7215107056942	3.3047974001998406	1.4177285407317484
335.5545575931241	3.7738640496286866	2.6776911815420457
93.21603397763158	2.5715734256298064	1.9892057569551038
1652.7182677977735	1.9024466172796242	2.476704340919636
1495.6293682159408	4.636349372388322	4.946215127836175
125.44189395896048	3.9895445961047447	0.6210508730829802
357.39863462030934	2.156696800213307	2.8313556613249085
53.59304241525443	1.4552409362134535	2.5477336300384166
734.8098319071044	3.911015177509108	3.2803107428765785
25.3321911597916	5.282525385859462	2.198818908066824
82.91338769576248	5.027862443521277	1.7945057211254807
42.34951235158707	1.3086788874263497	1.9994155815403911
81.10096110670978	2.1134174749962398	2.71235466492677
377.30385446987054	3.6644579402529107	0.46359274890643065
584.0511222893573	3.0307752284297487	3.820450039104721
1451.6041089931962	2.073054658856358	1.4550560488274453
1297.9048622471687	2.0875088276442972	5.426258694719767
122.56277748415042	2.3049513895706517	1.1367335411176085
-21.36839463164383	4.695913834386484	2.674691312896731
659.2975005192493	2.370255972012756	2.0806206981885986
45.701872577845016	3.646918502359122	3.3116392168800424
665.393382371633	2.725920185529521	2.150202187047357
97.22119548539649	3.8940167480266616	0.39955963873495975
194.6789658436939	2.8447322737523075	2.9898982047240947
69.50169066841562	4.266476836889018	2.183251794173284
2156.4786511716684	2.0975005713240895	1.1740181493792756
858.0047330832351	1.580611250357268	3.748885130548893
225.877459977134	1.9427354318821397	0.8013811525431012
684.1416253824042	3.080670640414032	5.3928679082075535
103.1135317131394	0.6423641127538556	0.26593846364880935
135.3264015008007	1.4187449836127812	1.68546047439699
97.06972318646297	1.9720791842705792	2.243365675591883
185.36246355777678	4.597390655667036	2.2674598814080724
-3.323183731271381	4.428632568253806	2.199784200051843
-0.13929486597221175	3.1716886934595245	3.4116355566094927
732.1151796208549	2.800990605240442	0.127395069135906
307.2063976108822	3.0564681153594915	3.292724222887658
699.8405336171081	3.984427434440971	0.10868100995628374
77.53260549236317	1.5509429579493512	3.88984500245843
487.164813735149	1.899754205256903	2.5298826913816135
2404.024995575568	2.973594959234448	0.06482724424162264
139.39738049603568	2.6032077642178613	2.8425241895001423
323.3701005739	2.5036168416341598	3.800186461302938
130.47019552547854	1.976723217454471	7.602228817632578
3.5883710696043036	2.5856192139167025	3.2297700206203293
-23.53009098641661	4.652752351168341	0.8740970829442449
-5.91359305414252	3.3756200337885565	1.9253672344691264
106.12686281399024	1.8919113409019548	0.17715418365259622
118.70770754037855	2.5174161986487213	3.2969685275316722
248.4204945967146	2.9046352847581374	1.8313494146486553
150.04398536205008	1.3380600525159305	1.0837532200606284
249.59130708373888	1.8209236502918593	1.4341653815733673
977.6785788381309	2.5699762915971758	5.190003749842025
513.3695751989814	0.5794321362222645	1.196721196253559
670.2068986725321	4.395112746145578	3.845950052413102
1578.2795962232394	2.284848147092267	2.1129926890201194
33.56995039542774	3.9927612629088536	1.7802434546881987
467.0456101305711	4.031632382684594	1.8956420675573682
172.1362333444701	3.038111249615244	1.9466149321447916
1.9861709278486608	3.0661228413722084	0.12007347591506909
342.98536501986695	3.8426780501808033	1.8598292307296649
1248.7773117832703	1.855042168881036	2.1883192475998983
342.0208806720587	2.6360616159781873	2.0241690700878947
3192.3410884556533	2.7210437546095148	2.4728815011689727
1791.0974937385267	5.0657117918195	1.9963476189715244
900.9420831081599	4.593000818836646	3.5783754372851524
254.51183075636297	3.2286893730571595	3.028418732651578
1311.5188005100515	2.381675391776695	9.073313699856673
434.44255277360196	2.815140779975644	2.855721778395428
-34.18972538204386	5.0886115349423084	6.650929738914407
83.3828680826396	0.6753296308360314	6.519713125413662
187.5608940602087	2.6673962252778893	2.782909227002042
673.1911750852147	2.1352057440023318	1.1778903523364133
104.57684281570864	2.451418189293846	5.146266307916508
105.5675995946101	1.3978424709030857	0.8448543707698515
613.5120237141834	1.8746297704474253	0.9539069996428516
332.4649819711227	3.238340091719656	3.0083905814429364
982.7974473410973	0.7971463139512648	4.439428187384826
88.92569034399294	1.3644277789464998	3.8016242403733993
320.68337788967017	2.388737278642103	1.5197534541788862
1067.4066514645456	1.7861616501497446	3.410528316526994
-46.24244078986854	2.5074886222921786	1.7695552516408495
18.124688961089685	1.485685707314915	3.5455267233947216
110.45224580834422	2.6977188611989416	1.280050278262583
767.8336475173938	3.345807715129524	2.137430161819865
247.83509997435712	2.7086390777376077	2.938771028430426
1232.3950510921645	4.313795554612402	2.23384550880744
315.92437663464665	1.390708730161052	2.4189172768129508
2448.062557052027	1.424537465740703	-0.008279534202753607
384.794241728704	1.9489337756131415	0.6635997600485455
252.73400289915702	1.2561028278086683	3.021160092631202
234.12204796908176	2.062639656421664	3.012318999262888
294.938394016706	3.3714783737626814	3.6457474879103446
5.200288115230733	2.5980273347809324	2.53926577063248
3602.3203193463587	1.7355161849881227	0.1281248121836994
78.92794271587748	4.381791209825166	3.153505976650195
281.28692587310917	0.520914271320246	2.0599506435265913
44.51167704200224	2.573404730948257	0.338913429334727
334.7596108202924	3.3211424674011734	4.5543715159461255
