Flow 	 Preci 	 Evatr
816.0	2.03	0.97
2394.0	5.09	3.75
3144.0	7.49	6.64
2366.0	4.49	4.02
1499.0	6.44	1.67
357.0	2.67	4.25
71.0	1.67	1.01
59.0	2.25	4.11
-35.0	7.25	16.67
98.0	4.48	3.46
331.0	4.8	2.26
1757.0	6.47	6.19
1884.0	4.64	5.52
2558.0	5.2	4.64
3177.0	7.66	6.85
1981.0	4.48	3.45
1079.0	6.02	7.84
221.0	2.04	4.78
1006.0	9.82	13.04
424.0	2.12	1.01
25.0	0.55	1.64
76.0	2.93	0.78
53.0	1.35	3.3
339.0	2.67	2.9
1039.0	4.61	3.84
2497.0	5.37	3.34
386.0	1.39	1.3
87.0	0.46	0.2
248.0	4.79	2.68
-4.0	2.23	2.08
103.0	4.68	3.34
566.0	6.39	5.56
101.0	0.33	0.32
31.0	2.85	2.04
2565.0	9.97	3.82
742.0	1.39	0.7
340.0	1.32	0.54
453.0	1.87	0.03
1120.0	2.98	0.0
134.0	1.1	0.18
149.0	2.73	5.76
-52.0	0.84	2.77
24.0	4.2	2.48
709.0	6.99	13.27
-21.0	0.53	0.62
-38.0	2.0	2.34
63.0	3.26	2.47
610.0	4.1	4.52
1919.0	5.88	11.23
1908.0	4.23	4.98
2274.0	4.54	4.01
1776.0	5.46	7.38
305.0	3.08	1.51
103.0	2.48	1.48
31.0	2.58	6.79
-35.0	2.71	4.48
194.0	5.83	6.68
-6.0	2.65	2.2
79.0	2.48	4.12
241.0	3.86	3.45
784.0	3.35	2.03
607.0	2.24	2.5
259.0	2.09	2.48
400.0	3.48	2.02
229.0	4.97	1.67
48.0	2.43	9.58
11.0	3.23	3.47
-3.0	4.12	1.8
85.0	4.79	1.8
172.0	4.14	1.9
558.0	3.85	2.71
148.0	0.76	1.18
340.0	1.7	0.67
2218.0	5.91	0.59
3239.0	7.06	6.39
1743.0	5.61	7.17
1457.0	4.42	1.39
723.0	6.62	0.47
981.0	7.3	0.0
1151.0	6.3	0.56
239.0	3.96	0.0
904.0	4.91	0.04
622.0	3.09	0.1
1247.0	3.12	0.0
1310.0	3.93	0.0
2029.0	4.32	0.1
1079.0	4.17	0.0
1409.0	4.42	1.1
1565.0	6.95	4.06
195.0	1.14	0.0
57.0	3.67	10.38
163.0	4.67	6.64
-53.0	0.46	0.1
501.0	8.16	2.26
140.0	2.08	1.48
613.0	3.78	0.44
2084.0	5.15	0.0
347.0	1.31	0.0
1728.0	5.94	0.0
529.0	2.63	0.66
219.0	2.72	2.06
62.0	2.03	3.02
59.0	5.35	1.0
25.0	3.13	0.32
146.0	4.96	1.84
18.0	1.93	0.12
36.0	0.98	0.12
123.0	2.73	0.0
1174.0	4.84	3.84
575.0	2.45	3.34
978.0	3.77	1.3
497.0	2.4	0.2
148.0	3.23	2.68
325.0	4.67	2.08
198.0	3.98	3.34
119.0	4.19	5.56
72.0	2.35	0.32
136.0	4.54	2.04
747.0	5.08	3.82
724.0	2.84	0.7
1868.0	5.13	2.03
792.0	2.66	2.5
3718.0	7.57	2.48
2403.0	4.99	2.02
321.0	4.32	1.67
20.0	1.65	9.58
0.0	3.22	3.47
-16.0	2.2	1.8
5.0	2.68	1.8
28.0	3.27	1.9
136.0	3.6	2.71
398.0	3.69	1.18
784.0	3.99	3.18
1213.0	3.31	2.54
2704.0	6.9	1.85
508.0	2.57	5.49
115.0	2.22	4.92
55.0	2.7	9.64
201.0	5.66	2.25
136.0	3.91	2.13
-19.0	1.49	2.75
190.0	3.65	3.42
83.0	2.38	6.25
58.0	2.38	3.41
843.0	4.25	0.0
1406.0	3.82	0.1
1187.0	3.13	0.0
102.0	1.18	1.1
156.0	3.66	4.06
1935.0	11.0	0.0
496.0	3.97	10.38
153.0	3.23	6.64
13.0	1.73	0.1
1178.0	8.27	2.26
1295.0	4.77	1.48
700.0	1.84	0.44
1682.0	3.83	4.52
1341.0	2.33	1.92
1300.0	4.1	3.0
864.0	3.63	2.75
837.0	5.03	0.0
230.0	1.89	2.29
164.0	3.5	3.27
402.0	5.28	6.28
4153.0	13.24	2.16
819.0	2.91	0.0
597.0	3.32	2.2
1331.0	3.82	1.15
1151.0	3.56	0.0
1533.0	2.89	0.0
1089.0	1.92	0.0
1712.0	5.65	0.66
376.0	1.38	2.06
371.0	3.63	3.02
273.0	4.26	1.0
-47.0	1.31	0.32
37.0	3.77	1.84
47.0	2.67	0.12
285.0	3.66	0.12
312.0	2.66	0.0
3006.0	7.91	0.85
3393.0	5.13	2.41
4393.0	8.37	3.59
959.0	3.74	3.89
373.0	3.95	2.79
114.0	2.36	2.61
28.0	2.83	3.24
31.0	3.07	3.34
80.0	3.82	6.91
37.0	2.99	1.36
57.0	2.19	3.3
278.0	4.75	2.96
1598.0	5.51	2.32
480.0	1.9	1.46
919.0	3.0	5.51
859.0	4.87	1.09
214.0	1.22	3.78
110.0	3.28	6.78
34.0	3.28	3.29
201.0	3.48	2.15
5421.0	17.8	3.25
607.0	2.67	1.2
296.0	1.59	4.23
419.0	1.74	5.7
1127.0	2.48	4.52
1579.0	2.56	1.92
941.0	3.2	3.0
1372.0	5.66	2.75
441.0	3.18	0.0
281.0	3.82	2.29
630.0	5.34	3.27
455.0	4.78	6.28
279.0	4.42	2.16
-9.0	0.08	0.0
91.0	2.03	2.2
148.0	1.85	1.15
160.0	1.98	1.22
473.0	2.91	1.87
1986.0	6.28	5.78
799.0	2.6	1.16
121.0	3.12	0.44
332.0	4.59	5.83
326.0	6.46	7.89
247.0	2.71	2.03
82.0	2.33	1.41
-7.0	1.41	1.24
4.0	0.49	0.91
74.0	1.92	2.04
568.0	4.29	4.83
210.0	1.02	1.21
333.0	3.01	4.24
159.0	1.57	0.54
-11.0	2.02	1.41
-66.0	2.32	2.29
-3.0	2.87	3.67
56.0	5.18	5.84
99.0	3.95	1.81
1814.0	7.96	7.58
1026.0	3.38	3.43
1965.0	3.32	4.07
658.0	2.13	1.8
2131.0	4.77	4.29
2953.0	6.71	5.17
2923.0	6.29	4.54
1617.0	5.47	1.65
973.0	3.15	1.94
882.0	6.48	4.9
823.0	4.28	9.7
646.0	5.77	3.48
189.0	2.87	2.97
268.0	2.18	1.49
1092.0	4.12	2.84
240.0	1.2	0.92
961.0	1.99	2.76
403.0	1.54	2.28
479.0	2.32	0.91
289.0	3.48	3.1
67.0	3.65	4.35
179.0	4.68	3.81
995.0	8.72	9.88
535.0	3.95	4.43
183.0	1.76	1.42
585.0	3.25	3.14
707.0	2.11	1.85
857.0	2.87	2.31
636.0	1.91	0.25
1463.0	4.34	0.39
589.0	0.74	0.34
135.0	3.52	2.75
141.0	2.66	2.8
36.0	2.44	5.54
17.0	2.15	2.14
-56.0	0.76	1.24
37.0	2.77	3.87
132.0	4.39	6.73
688.0	4.98	7.14
368.0	2.67	3.18
343.0	1.84	2.54
103.0	0.84	1.85
324.0	3.79	5.49
131.0	2.87	4.92
1259.0	7.2	9.64
516.0	4.37	2.25
16.0	2.83	2.13
294.0	5.5	2.75
179.0	3.68	3.42
2360.0	7.53	6.25
630.0	3.42	3.41
1082.0	2.13	2.44
586.0	2.11	1.49
1023.0	3.41	3.04
1060.0	3.54	2.75
137.0	2.7	1.91
47.0	4.28	4.85
-25.0	2.56	3.7
-46.0	1.47	1.33
-44.0	0.92	1.57
86.0	4.55	5.68
1.0	0.58	0.53
186.0	3.98	3.06
101.0	1.52	0.85
221.0	3.26	2.41
887.0	4.81	3.59
1114.0	5.82	3.89
223.0	2.92	2.79
81.0	3.73	2.61
174.0	3.17	3.24
252.0	6.6	3.34
1930.0	8.02	6.91
66.0	0.85	1.36
230.0	3.31	3.3
990.0	4.12	2.96
736.0	3.21	2.32
298.0	1.54	1.46
2357.0	6.3	5.51
542.0	1.98	1.09
197.0	3.93	3.78
638.0	6.29	6.78
30.0	1.94	3.29
26.0	3.43	2.15
117.0	3.64	3.25
17.0	2.18	1.2
1787.0	8.49	4.23
2768.0	8.13	5.7
1546.0	2.99	3.82
2200.0	2.79	2.68
835.0	2.71	3.1
185.0	1.06	1.63
1060.0	7.08	5.78
130.0	2.46	3.04
40.0	4.07	2.07
30.0	3.2	6.62
174.0	4.75	6.05
78.0	2.49	0.88
18.0	1.05	0.78
107.0	2.77	1.43
110.0	0.78	1.15
237.0	1.72	2.05
621.0	5.37	2.81
404.0	2.9	3.2
342.0	4.37	3.08
-19.0	2.81	3.72
-8.0	3.43	1.78
-15.0	4.08	5.14
107.0	6.02	3.85
41.0	2.55	1.99
195.0	4.27	3.14
245.0	2.54	1.4
155.0	1.58	2.04
275.0	1.94	1.97
913.0	3.34	4.2
125.0	2.73	1.48
348.0	3.58	4.17
25.0	2.08	2.56
50.0	3.87	5.27
141.0	5.71	2.71
465.0	7.51	6.47
57.0	2.8	2.5
1.0	0.43	0.59
250.0	3.43	3.0
854.0	4.0	2.65
980.0	3.82	3.54
494.0	2.22	1.57
614.0	3.75	3.31
995.0	4.65	3.34
1348.0	7.62	8.36
1262.0	4.77	3.41
268.0	2.33	2.24
12.0	2.49	3.45
5.0	2.69	0.79
86.0	2.77	3.15
1000.0	4.75	5.24
586.8637774591065	3.6586813077363542	0.0675357117840068
900.1731117761238	3.0174289142320134	5.629731148820103
111.32713592943172	5.288072933079634	0.6626679618667277
326.4175365455753	4.3710131549623314	1.9054427211992164
19.824545724846114	2.1443721892528833	6.543915445426527
-3.7822695243514914	3.2292616503185156	4.21801288062955
141.01275140528983	5.124084127262908	2.1510736075731
121.7257490722191	4.789683063277462	1.4929997429787016
25.79880206138863	3.603488375219872	3.500301976791528
129.01707663503507	1.778119716932825	2.186099127193552
541.4918968096242	2.1399737069833957	2.9480370750005975
1775.313246382783	3.3087816108002217	1.4869390800180837
12.844502112560882	3.0896462863761784	3.327254008581724
2579.7746579307955	7.3288673649439735	5.637694094661773
449.8487745857363	2.8373891575565366	2.845545368319409
12.86915869752166	2.7496525917187022	1.655372552581209
36.37545376337363	2.420679615368154	2.447829336825142
315.7025881697503	3.3188071806563073	2.215610888093599
-0.14078787621642677	3.1290811371808815	3.798977978586534
270.8674193241841	2.476872862789996	2.014622924895146
24.916711401633208	3.0126081966935896	2.8089619451262315
588.3614986840448	0.6904073698570714	0.6391191103377186
466.6258155164196	3.4611975611136323	2.967403535944264
680.8909962214042	3.7693155382447388	3.6692485301316315
898.6566086774401	1.857996222254648	3.638105462150665
922.6258691939358	5.342636275591167	3.76491414614082
1788.105120609493	3.1182509528317954	2.8572479853594253
1565.9938777899506	3.9199616712079846	0.8384700113609326
56.73001809971685	4.7802873096447795	2.0518300731975523
29.813040323468886	6.198527015766593	6.875324681622821
-0.6829910113787327	2.23519935106248	6.476249229252108
-2.894583184104997	2.478582267263338	6.500404489039188
33.05242974289537	2.1949026231678714	1.2937357308845543
0.06132281593370941	3.3892496000669685	1.3521397011982015
240.25064427340516	2.9531018731268968	3.6203540193221726
300.2508429847335	4.930389446902437	4.1379534672334595
2029.0080994204343	2.8609519146321776	3.165407339051117
1215.9874917626573	4.303085313897399	2.423401988558747
1631.4286314637727	3.5988725492492333	2.81350404591188
150.17350514400866	4.325073624169761	3.318264158770066
536.8676355513345	2.7178410949580645	3.0540072549982296
581.1213459541965	2.937825576606878	1.7591163631470246
-42.22192574459835	4.6035196490320835	6.534673323252855
124.34749166384664	4.444192790203035	2.094854134000399
141.70649891008682	3.253383213601399	1.3303207516097688
123.38029114109611	3.3138998499036805	1.0129129796396696
271.0464313157127	4.284624581760509	3.5404320912648406
2234.3907166350323	3.987765001816532	0.2683685862373926
1961.7178762592903	1.8721333377687979	3.44662330570124
3123.830264587188	4.732046319236501	5.669197187048538
519.0777933829165	5.465505707638357	3.409642294078095
1029.9569053899593	3.4420253467279083	4.44677470108631
116.93624155737422	3.656801007985621	2.710717500430643
13.2351192071987	2.600377453237247	7.447867096965506
104.21166107827793	3.5890657827048935	1.9018058567006617
-36.6560656043426	2.182239467062498	0.15285354893969821
1192.7631111099777	4.494122296666564	1.2463404441777803
533.5734866823811	4.376952630744449	3.3026898705378613
714.8326466817607	3.8208055208260157	0.23520231728742513
1078.6429098933595	2.127599433248492	0.8104907716468552
1513.5369326997252	1.8941618676781236	1.9176925794451487
1079.9972338741384	4.564958530787348	4.599053009242489
101.35734437970724	4.510687846296041	1.150509219858947
1347.4036779449366	4.510028573472258	2.6889674837338093
312.03423058146967	2.057600985324315	2.4539661565801154
11.337165047491313	4.976744309991022	2.3643451235297235
419.28153238602465	4.812451105668737	3.0660956021742125
3567.0248379975865	2.4752643273830977	6.1927953910979685
99.49755278111299	3.662428559890005	0.9534745627747757
1075.6018289916317	2.035520271889357	3.057619543427582
694.0716487647312	3.939203387344564	1.079596030566517
330.5965390856547	4.695162256477379	0.9537898544994438
2461.3225975308787	2.362099961083626	1.8903801640059625
1664.0394938208794	4.854405520389398	2.203043673013678
1546.8977306422548	4.370497716127412	0.692939754256831
132.8262725342834	3.5585963330971757	3.4266591076586557
309.04643614610933	4.782906307534454	4.657897645130949
146.26311182119363	3.2520586395969415	2.331488959625955
145.3447629594928	2.281212305542659	1.9907209713682368
83.2938506860225	6.071380751864271	3.0021492854934255
59.84138640952997	2.696928580610086	1.3364227220259681
195.85874115043117	4.698347003325376	1.404497381185834
59.63061709335327	3.851604382889718	1.7045780455229242
1045.7309682831842	4.785032002841354	2.8738126446622334
811.1208854562989	2.769048617029403	3.2081152807601003
31.380933880063463	4.27358091267106	2.868106847457892
39.05591534587897	2.7327022548772257	3.3590655123393645
1071.6711151953991	3.1181280545176704	2.969332648508722
130.74475402204732	2.378523698824494	2.3817183520598135
0.02199595675489796	3.590018888733556	3.2942858734481923
137.11002976463584	2.1814177054641815	1.848097954462936
80.69274457475703	4.750203260801597	6.301145786914985
822.3736742684212	4.453048105677707	1.3331747937474323
298.9685961189612	2.1047361809974143	4.10531443230969
636.9677425973196	4.066940402947367	0.0729826665178183
1148.9863014763741	1.4939549405982406	2.0819906770686845
2992.1964386990226	1.8306621159368965	1.4508121794556246
906.7148635773021	4.020772825048368	-0.008310693708309396
1354.0772372164772	4.451022299298416	1.7200846782524362
1125.3763206723133	1.7627942728849384	1.644916113677421
57.82767990370778	2.3917960064654653	8.010582021503467
12.899702930775387	3.3662097369891524	2.2187708370022694
31.732899588736352	3.6015690685500137	2.1082442466753784
102.28530291955732	1.0043809336346188	2.486969154033479
294.1846726121139	2.0625713786131974	3.434035315030289
309.2872216742426	2.275376693943816	2.7126429560648235
104.47759373549452	3.298575939078847	4.614046866868592
1536.3205558386298	3.765642757215266	2.060522756554888
2163.7314596612446	2.130537352200239	2.3457983321599265
914.9179564549472	4.3645724665137955	5.655096794812535
760.6097083630473	4.717419521038491	1.3873033100140684
1033.9665986297814	2.9504008838870424	3.5410527799542457
-0.7986996850314121	2.6365299593023366	5.256514824547212
-0.40141896805788385	5.916236246130744	3.347497274601493
12.194039720463408	1.996499950668813	1.8496755705672323
62.07879438803937	2.3090218925931616	1.794052613081106
180.6654271428549	2.673751723742259	1.7391835204402406
242.86333561964364	3.6053992209034424	3.2600077601827393
89.40302847241752	2.5536147097709048	1.9723498800477752
1143.5141718272444	4.011206199045627	3.064068669754946
2173.2884669654704	1.9074265120091032	3.358346030081539
2169.557572535152	5.174205002372747	3.086064471325813
602.1228934213316	2.709569656046071	1.1501629363916648
131.40631371397637	4.797365253714178	4.875211165838681
-19.4253543657027	1.764308765713821	8.687482066591542
47.85256560804136	4.701760894312422	3.009441839805295
151.37320037891436	3.2224575376118447	5.43923427132375
553.6586737978138	4.390385201184829	4.584810890106322
1289.4850904576372	3.3814711102382233	2.254821801552892
275.57028517031017	3.27823770129398	4.077340889337991
280.5178619738938	1.6684581056557715	1.1629372709776797
1139.1574985095247	2.8500547440441335	2.3103382025232757
454.76997972455615	1.7311862699041938	1.4457032516222543
73.40989280043075	1.941002543953987	2.3922669732808775
524.8242639125457	1.2512924436836417	2.752066766755497
151.4824987126883	2.943383365603856	2.971383200824449
62.370909897697196	5.051011317217154	2.60985338634884
17.873503528512888	4.135737763395385	2.271303749846845
172.9606759992767	1.8675392788910838	5.976201126480979
81.42991876831572	4.984388277741167	2.1471592099183754
66.85913263221238	2.813104849258461	1.2668705541752912
229.0379030478752	0.9571685559203481	3.9048561100526022
247.81607339188255	2.487929832502166	0.5578419930343955
183.91265852832075	3.9253074164193515	0.2670248319069663
326.2874367389281	3.4898549690473577	1.4141779219291875
1112.608765571014	3.3520022662879225	2.89650105194506
862.667209103823	1.5840256621722415	3.952086173331307
219.41719114811096	3.1403602450952057	3.7693247479321283
-66.80461407099094	5.837179469897637	2.2463707704207385
31.25063874258357	2.705249836751612	6.925199177193563
441.9630346147499	2.206119820781402	2.1518452260513232
10.124824094878727	2.2036143390810614	6.425164005250545
1628.3012465274105	1.9578852744103987	1.9786779439955429
283.6067469024603	4.016211124940319	2.508662216685018
62.94308992713744	2.6668719831166117	3.0168538622284005
855.6273056563359	4.2893279303336795	1.0089930881279183
2137.0658974152234	2.112538955532934	1.4458245911334024
1239.2132580097618	6.300441551080583	-0.005021712683792515
418.304236524815	4.68077580285738	1.077935552329864
147.72985424042722	3.5422594479439096	2.9929256161590367
54.09383070371385	3.487561294297924	6.81666199489573
629.5786202345985	4.097333111084588	1.8421813747312916
-49.56928909861327	4.911405258807648	2.166583032412639
430.2548412530244	5.394024913283528	5.048564968722294
784.0619830363627	3.3791372137020614	2.088228552624982
39.99781433974384	1.1063944020393999	3.056415412042537
2347.9353521612757	2.7539558852941264	0.6673454219579997
957.8888062807555	1.518927469159732	0.5035987891511023
1270.831125214372	4.450773155069919	1.451944953445378
1072.9462199918735	3.4473020108050267	-0.020598665335951276
189.29461798397088	4.218692120465999	1.4094425313242602
913.5229320915727	2.6897600829212522	2.9569939953941744
-65.23385787430361	2.3914432108857677	2.848349662024848
27.367424282556527	2.2630454540729215	3.300181538432915
-9.52776093915922	2.234311925726015	6.300882893672477
-1.1148421754753208	2.3704834113388618	1.8499368159345253
42.92499862640424	3.6391967548571333	1.9919377831241714
229.1321014653181	2.0964373426575094	2.873177128243622
250.72608604457432	2.4919813858990407	1.6657387013139273
335.7910591129728	4.465332539310558	0.8933776419737434
442.286846280464	2.1178127017307746	0.09896895267031064
819.3655880927947	6.709808975886625	-0.008928949976213723
1483.2907134792158	0.9324360037277284	3.933063789043529
448.27651695164394	3.7671938537854053	4.141638187932692
110.79057122233263	3.4099109169723216	4.686914707667242
233.0880528437152	5.3295540423752445	6.637518118318652
153.91859590943702	5.105160494925925	0.5161108454589433
615.3762624181555	5.60960643509574	3.2339204592831026
66.0618847971965	3.114786562207496	1.4509321655482124
98.09891809523984	1.7351114454066217	0.6420430981627614
132.0671013466384	3.4852698510186784	2.717322867880136
349.012306258048	4.021098035763588	2.364299494730022
106.19870640356015	2.453548876989452	0.08972638171487775
999.9474887041177	4.5276678200086184	3.416629095347671
210.1799451369034	1.1309343577442723	1.0865535183677297
224.89049048384098	2.4531823472614964	4.215869586706271
522.8536608098858	3.82029900739785	5.136169277923668
62.44065564425816	2.5543446899708777	3.6947576614045605
144.57974511588054	3.0660770632373224	2.1311459182678756
80.4131676887798	2.3638788891416747	3.494619704758384
167.55427991898756	4.559762427427625	3.0593185746974054
201.4441837583172	3.248679715730286	0.6984649437565451
149.30930700401916	2.5821419911438857	3.6008316702323797
1293.077755137437	1.910024081897394	2.9742213469224326
1355.6038505835222	4.504079930915066	2.524939336129417
2674.029689903862	2.1530968709600726	5.398992794077026
1036.855513522152	3.5351766568016485	0.6535349535406844
1615.4532436978561	2.5565048123334027	1.5574289252525368
-22.836060043324544	3.6403781432360383	2.9211674079798717
-0.3850725925107912	3.7973624822494365	2.5005482553626135
425.98743683040783	4.04091141178897	1.7566808723097296
1526.2684387982285	4.845032077054888	5.416182342841049
17.771645044936133	2.609679449530318	0.26524667784690636
36.73215209055068	2.948204246961229	3.971141132418311
650.8939687995775	2.6403370919794233	0.5895380858216638
0.7076781774072939	3.9274071356397395	3.1775703187018576
1911.6071223840763	1.8912543133517574	2.4918657575083802
1036.8646792371137	2.9790984533928766	5.057645131145883
12.822747676220018	5.291477359608043	3.9974332671380357
575.843444834276	5.138478238578203	1.8614962741702614
-49.62524868216866	4.215259350771314	3.4855501121965107
299.40520102094894	3.2318182366879227	5.524754092394373
-11.826382579248495	2.906636399466745	2.7725822802745785
-48.96906103499293	1.5889983125939486	0.4823020277843436
154.30343079808142	3.6472475411626437	1.0110135734344088
82.60786508212583	1.0676180415377396	3.2206198561945847
697.1229324158725	2.212782274581933	5.039305014707712
1453.2021131680058	4.575570226348142	1.8935572010914976
1927.5123566011575	2.45221176339389	1.9382373876869936
2100.8422206190266	3.327250498105939	-0.03366014325704553
1331.3087266486737	5.038777839926768	1.1060379080013578
220.22770191788774	3.7159506801740156	2.579983974069327
197.16795285004423	2.0233136008143258	3.0458131956695524
-15.724632450179913	4.208672126523451	5.497571815851711
120.76578975367364	4.405517486964636	2.272291750081212
8.1746415719317	6.677295063447602	0.43386630425418604
-22.318709777955753	3.88664712534848	2.484583076956433
69.30835912979109	1.6716411045230846	2.8831862700257727
2509.36665536305	2.1589267213148067	2.9890877765813615
668.7976250436554	1.4256259351321003	2.298010716570016
401.40535621186814	2.816479471023407	2.3457531471222013
1068.8575201825502	1.8379019939085264	4.106712879578067
1565.5989372381011	3.646487347763358	3.2260939192429556
174.2314491239779	2.656672940020361	4.014323093604997
108.13431422303186	2.646848836364081	0.8359273090072228
-0.6651513154196814	5.325481181185496	4.531376522616977
33.13468265087893	3.95570186053246	4.921796967930382
3581.509084774809	5.71124113801484	6.545766111205622
50.48056306176453	2.9163191586898676	2.0639983479419737
45.8019958967031	2.6308719712135975	4.006928367481206
263.65345366132334	1.8241570264420286	1.1963229661676897
784.0240056671076	3.94421222664204	3.9888585111311383
250.38919926535286	2.9707089091848253	2.6091072112533147
590.945706720695	3.0059568502827503	1.0255406523721144
96.88186633287316	2.645924220498022	2.6236945870761197
192.37137498183134	2.8650053607753105	2.6012364931416307
301.2434059668381	2.456078552407886	4.732862748485567
440.71517038088297	2.8796776067319607	3.8152240029214806
20.822998022312625	2.7883659245164254	6.228893343684971
58.514310868329126	5.973253720598734	3.3918134259329262
949.8653051465666	2.646311097547443	0.9318089067489193
127.20080900381267	0.8557611047648432	1.3502980078958766
62.28421286422408	2.697779732735047	1.205223002279123
150.1266495586067	2.939121230905879	0.7591690503628373
2389.227503266137	2.416912010734336	2.0412731699139783
816.8970863886935	6.19884513681122	2.520583619011587
1405.305442193677	4.384747487263405	3.1226811025452257
137.7303329531069	3.5721612323184577	4.477525168423342
283.9133352119209	3.6657538787007886	4.574071003950216
35.757999204111755	2.52786112915916	4.191287936388431
-27.569044993758112	3.300511966861072	3.410345543660392
11.148771865346637	1.175564813351707	0.5448734012798268
84.42796985311514	3.8730645180964367	0.46998435459751936
567.0355636815996	1.7732647433210658	4.020574217028691
1011.3763440284448	2.6783583277516674	4.383272163153142
594.7152796751894	2.053315348498045	0.9061586268202662
351.51968268374253	2.3082489307952643	2.9365589920582886
1015.0554281327063	5.033184305891076	4.1293591331685295
641.2663727643771	5.0390364483466	1.1657127842402772
537.2598042371934	3.17386217174118	2.8235932592118593
45.41320498615459	2.360852873394543	4.209925716615826
186.62533094215533	2.6776270151910646	3.302044324930167
-14.747057006830968	5.421970915751123	4.541969938161468
84.6328751488096	2.3302509814136956	2.122787565818193
-3.1395600331780504	2.6753910186825727	1.0981750007477526
63.925258377901024	1.9940451897637101	2.3143964811388775
712.1916951390207	3.810081450045235	0.6247867689020976
107.05865238627352	2.8382960604754524	0.5835103992551526
1683.0991254318508	3.0018420769901857	1.9447571410880875
1972.7003823077732	4.530617694800816	5.500471929029122
1122.0444361205632	2.5533157408485905	3.7875439449215804
101.7948593662501	2.466835544633421	2.945193008538086
73.78245127005258	3.474318562575058	4.58756107200344
666.8396606174094	5.180763336555812	6.449261466997848
25.323376665744725	5.534140035654756	6.375928069184619
99.4419912504313	3.9913030207437346	0.14164149899921338
798.1347963155271	2.882359274354509	2.0892786542390773
269.66846513361105	0.7724582566973366	3.2095137701477503
144.76952936937505	2.7591030329600974	0.5891091764152183
55.64582923813064	1.2211080828678424	2.279129278118457
227.11149305922174	1.4862547072862	1.5582840257300823
464.62538011726787	3.3496260806470475	3.011617576202215
80.20423387951686	1.096740359983449	1.0317121429348322
138.3682773168788	3.792223305096245	0.8279867470008595
-0.8368592214335475	2.358000704437075	2.0401061514591716
211.483366766221	2.8999222135342837	3.2863617645207612
30.496047267358048	3.04416461733584	0.9469756179900707
45.52262499986497	5.710296825474981	0.9781486223940334
14.47191350842887	4.58635896546225	2.243187513943922
738.8023637672813	3.9109440074265405	3.4209229683439504
81.32714288184427	4.056782536072657	2.923876420197902
250.35722864677484	2.070310055930474	0.8604256060632214
373.54527731467437	2.797231861282809	2.5133616730829997
3428.6946698690904	3.1978901380534577	3.0030024075771657
398.1335515641272	2.4441379933979257	4.438897345170851
61.30179466507653	3.3445155759689653	3.1789983943132984
307.9412245863302	2.4415529005353234	4.656675655902776
1066.4606004282407	3.6421133373740195	3.302302142756866
144.94396337808044	2.731115614466111	2.15514520485465
8.090005572128664	0.5130617708896837	3.3472734766913326
36.41733973107095	2.05406583080688	0.26806582786424327
52.340450666225905	3.3375387542660153	2.6864388247769586
645.8763869278418	2.7585394696712915	4.801418777982622
1159.3732136295987	2.7395558523571273	0.08945603741681171
248.67318847379244	3.7786072576618897	1.9574541992048975
689.5958595200061	2.9167326639136	0.5966718483417363
1643.0863228875698	1.930710422285058	4.153686859051024
127.65408885862045	2.4423869234200333	1.5930413714801295
71.23368721439392	3.6753226977799955	2.0555000622133006
253.0587870979852	3.225985036363222	3.407887577721739
142.9065824871413	4.247220600884753	1.6627146027857005
68.88405715556688	2.4116809064720575	2.745930352396282
3.1920105164314188	2.9800377926268746	3.4128470858971105
251.2839186008756	1.2973744576922888	1.2312292785412067
255.32560944384625	3.590721081473079	2.919938374062719
133.39488699799315	1.9048670028564771	4.489552670496339
443.70229034036043	2.567108855008283	2.740632393800419
1214.2211157112365	3.253115383803161	3.9801200872571743
101.22767019806435	3.6106059958940406	3.7760360698621986
381.6664579350889	3.5542412592480144	1.5860514286936078
361.2525966281219	2.677759058769097	0.5874417678568741
32.81703178949607	2.4663861643668974	6.0357017564969695
132.23346360540938	4.015250574725102	2.008855147556385
73.57359672360647	4.854112283456701	0.15572471310040953
-6.2031814564477035	1.4139246336180928	3.4604426906916332
22.59168014789111	3.2669699782366752	2.569475892208614
30.257676122219046	2.8752634837330553	0.5084344607242188
98.91105662510276	2.0470250072614777	2.339777092298317
80.215558608077	1.9041242099772224	1.9640288426622279
2288.489300270132	4.253249404587743	2.4759062914476004
874.7500560107441	4.349526537410603	1.2814829264352556
226.0202682393627	3.1246074529511825	4.6569151800025725
346.62413784273065	2.0219409866809235	2.2448980620752867
184.3712719736144	2.906000939015127	3.304472569628357
643.6999966959633	2.7033775932355084	4.941031400806951
267.5869069265627	4.727909710974615	3.2810729632885303
-33.75380079469425	2.643560028239157	2.4362585823913627
21.057861458938333	2.191418493068698	1.6777292607360146
118.36884868146315	1.7966522448717992	5.222254836006163
702.1879358818801	1.5812636843925503	3.872533193631173
2907.3470171100817	1.9605418716541816	3.290121430826561
1086.7598967544052	3.004811453671871	2.2068373592523063
869.5103537718542	3.7303271864924445	3.8903761794538894
125.75590376123937	2.9064466496402246	3.8868090569696467
331.0814385612749	2.414320349438242	2.965264469052857
7.41156207078114	3.288478452280887	2.4661512931767526
-20.690626558226146	4.817402115378702	6.419867658555684
50.9515172866644	3.7837708318621943	2.074668544736009
10.877909059875009	2.866595945733366	0.04861973721991463
588.2363371644682	3.3626406768632506	4.082629312298172
1584.4974215404686	1.5923171633622308	2.960356137665821
105.19668473371607	4.079982241796386	0.05615477544370381
295.54916951918193	1.4895265258384878	1.824537070653013
2046.025103685746	2.8082245740825584	2.8825018222458385
958.6100992767014	1.0802499524555313	1.0213887774901798
166.55359271423126	3.2044393543005296	4.045306623607404
39.04490658654329	3.8808955298091803	9.24626833700334
29.14118144101498	3.071563732467382	3.328451881275416
151.17630341236182	3.1728773423619203	2.141579593346163
211.8926989388528	4.595276674849571	3.2553408271495536
253.9224845449222	2.8688472154634326	0.9229049797651727
2269.0841137977245	2.1049541584893965	3.2888815291954394
219.6211107956435	2.559109931256104	2.6419786247927473
80.13181433834389	4.060893586134898	2.289525531273414
414.53385385674176	4.046043835298118	3.535967641148331
3046.126689223887	1.6102756155803577	1.769805012258997
418.01327428155844	2.6148922901727034	1.090886500703566
171.1732691928231	3.4887492235985564	3.753200178766445
131.80496071931287	4.550173153489592	3.133707691271537
45.30364872121908	5.208085202665445	5.1958603675532045
30.93563978667227	3.835451713607302	1.9125522911150752
17.02154408990551	4.67101325369315	3.945785596856047
183.75069700507905	2.987947068419057	2.2507291946097947
272.37220219355095	3.202171356846041	3.660189217280921
1049.7230922216402	2.6172635069837535	0.5361956074683194
330.67371597178527	1.0885250597482068	2.1968814698524457
305.2043713032393	1.7625744386833302	2.504630393515965
1104.0815793121749	3.260632785779522	1.3429488447619835
2184.892765856158	5.140870225451259	0.5717697952835791
216.72262058017552	3.6021098075922784	1.7622535099463992
-4.302813272328284	1.7706296289412684	3.4513458811517457
1197.7209936998856	4.512128698078975	1.0518232904855627
821.1688931258078	5.1214915959238345	4.923179001307254
-46.049949537057614	4.153916624781305	3.2194522519627746
-4.041087096021794	2.428418420077085	0.9880652985886039
142.759274972113	0.48831929364974536	3.281280464507874
222.27691174799082	3.5111060388425583	0.7661915695516087
86.96292596264279	4.42803865187541	2.3553262132693593
224.05209592936984	1.3799200872188555	3.5094190494138986
873.0670598906736	3.9237863981759027	3.95750509749551
612.9234501530424	3.6395266639011217	1.1148964044050178
135.26182942874422	1.8480755445914299	4.1439509093779066
314.3793089837252	1.7370720614664643	2.611594613547624
211.08437316181875	3.2464024452731524	3.5734669773384935
31.07104246186418	2.2194621376847996	6.224759067903329
80.29609645445305	0.7495106508799695	1.8242791459177936
-4.448478974136996	3.565809092626084	0.01925993790297132
0.9578184827155898	3.250340881974391	2.2548998354105585
1486.1976919504611	3.7849989465051284	1.2069433798536529
94.90403666517048	4.544302524849765	0.43231220571019635
216.12117644913263	1.890861705669211	3.1098896660898445
1377.5921840004012	3.0037247073827964	-0.06829957932600936
329.15867851711744	2.9549073961789603	0.20714479914213813
341.584760868036	3.118475611742365	1.951874007558825
-1.6072885509264152	2.323907170866255	8.15965023674441
179.74907379726608	2.6980258382831757	3.562336512150795
23.225905493363836	4.105331974091209	5.422628806536147
225.4322899099948	3.823509608200623	1.79541756022473
29.143412988626483	2.801686332820362	3.2640264461562145
57.31350810025726	3.421170359604748	2.589700229028994
1092.8512884408517	1.7753636128855523	3.3024734240610867
149.96650196355498	3.8528330730991014	0.7078178579153038
1428.6124522882021	1.8952089115846213	0.09758455007264091
935.3962929309841	2.329553204096312	5.238707136585651
499.14474186995153	1.4644823234568807	1.0689626938195247
1006.844384618779	3.1760733212222636	2.6789659247157926
-5.1376107712229055	2.7447653351636006	3.209607610006466
36.701912373904214	3.201067249221907	5.406305392911184
-20.318418101839846	2.79247609388429	2.1367637242643345
-32.14661718960868	1.459930707975846	1.46111465597314
195.10825631938556	2.878519054373051	2.0253037656932524
60.571448053871094	2.151988204322794	3.299860903008946
307.36439988646566	1.2078287765631635	1.2145456066245517
234.62246493434992	3.580834323136014	0.20453368307093744
488.44175494230257	1.9077253953595683	2.078845895711874
95.25521150524132	5.593071790656592	0.8502324228968835
748.4292986842802	3.692186329436766	1.2738606240176258
1617.1390171086557	1.3009158460445782	2.655764312252682
79.02512916755316	3.6912138456984076	4.654531277031907
22.74317660699363	2.556124900707101	2.2661902150139612
958.0870412517179	3.3983229259104455	2.1391735816453266
368.60873885533186	2.4067585970611103	2.234612720814508
-5.6084118142114345	2.6302120588398905	0.35711397127778827
12.920859276885524	0.841997817047715	0.2909687270817975
150.09605326295116	1.8452277562691384	1.212316726299243
1452.0068851861715	3.980022008820788	0.6253673203069584
1419.4334305117645	1.9996590234251155	3.566778973730844
936.6752466709067	3.237834770533656	1.4505978331670664
103.57632667360132	3.639745547543193	0.6182403619155602
1616.1661283134297	3.1827546757360876	1.6358805946315171
66.18287559143546	2.3517706695817484	7.6602799213394
1038.9349474550802	2.561328219564459	1.654958036166093
2.6264118545601893	3.1438921504897097	1.2080291612816596
-59.09566844933113	2.3490929766912108	0.8847357082343565
-1.1715173050869816	2.6712393133935945	2.0213570760741075
273.86456688835216	2.0501027656716997	3.2832767507777048
248.0268760722001	3.867290417619136	1.6062073377505133
1232.3789831594772	2.0216739833142423	2.0180278863538526
240.0545196610608	3.3104414368983086	2.4887797555134674
1062.4124312076212	1.699434687030614	0.9484401717735783
507.47987633022456	2.5817153172323226	1.0710884996889696
303.22221308424173	1.2893115549823357	2.6772422648201806
758.0987728951153	2.327587527964332	2.067270571455643
33.53932061980205	5.080115992171972	3.3159280917320695
159.67767493495427	4.841575939291607	4.3645716307467515
121.07057635891638	1.2605241775981342	2.2860935173325867
114.32677793364968	2.1142706047256725	3.4258543934855124
81.28094371502719	0.4594710062401972	0.30902257882764983
145.65037919490567	2.965865487788845	0.1895594078822831
2960.733849825813	1.7380042463949654	0.8956399107488888
351.90559595734555	2.5284745446681614	0.49152171055606275
20.348719143220684	2.529641121079453	2.7649809167473207
90.93039382338594	2.373605181113701	2.9235572593848667
146.90439849771658	1.3396772572099218	1.6978356217966797
321.5230118585036	2.269032966094186	2.9080662963680814
171.00225165426363	3.9382339346380815	2.8880005112663514
-1.556461925248822	2.227685233239545	2.14029815956578
1950.3496833399654	4.29993508919243	1.7055987293535262
-2.470443169673369	2.8930114599704253	0.930869129814557
280.84965674878384	0.978672033329632	2.535757406233888
344.8217421642357	2.9262912875545912	0.4553226991610213
22.163704873522803	2.0931250664809387	1.2532205207737088
605.6557073449858	1.984744614604483	3.5656444332212676
971.8537852959888	4.33640753155442	3.500739283824384
635.5345957329453	3.587825481115118	1.0135332193691695
1439.6425654424597	2.7250109133129876	1.5271473179357047
213.3851272029256	3.9817666636355806	1.3551055424614598
718.6130574176825	3.2774227948668524	3.5379457144513564
32.523093836846655	2.2404783386418323	1.7195763388221723
177.93180955283285	2.458090481586488	0.25119844712774597
196.41627192889865	1.9712872513886512	0.1550745434089442
1131.1792624027448	1.4595457293803697	3.149490743838646
689.4991516463366	2.7478001611968286	0.205660543181097
135.56618579270295	1.073940112241411	2.029710930400404
2704.4220742850307	1.9044074115820535	2.687808614720844
82.80293737773434	2.9924697114386998	1.753079286318473
2107.62574182023	1.096905433696846	1.9567000050294479
9.57939301958019	1.8828764231363857	1.6695444459368223
210.2794396183471	1.7017127056986927	6.484053925503688
13.488451446367343	2.6878794951711464	3.53064106320133
12.120405781242033	3.1247237559660426	3.3614996449055834
-5.72226937006346	0.4743330509016985	2.2723637751449806
40.11407660623887	1.9199510690813468	0.012392147762061836
122.85842103877525	3.8305391820275654	4.068962617548733
246.33855637710064	3.444235608680363	0.29419468828933404
97.92297406760154	1.5616294544739988	0.861793050742884
333.40999717820955	1.3753311523887728	0.09354603593775668
500.91653573196896	2.090011226924361	3.0095271543848794
1338.5400673776835	3.682671646115821	0.879584327006926
338.931802995875	3.139674484603854	2.7119100668786933
-1.6599219448213827	2.0412754592621623	3.374856039411991
44.790095089761955	4.6706304141136314	3.2495693073105314
26.121760724133377	5.252932710766475	5.703797312332968
98.41407701318107	1.0989203747369292	0.45631428274762575
42.104156676532654	2.718798509782341	2.3918729236005856
69.34439511867856	2.288990244774309	2.8033718470596014
699.2654505259088	1.739029047605193	0.3933622617585828
989.4773731260415	2.087805912236011	2.0986799475737574
209.44333356912142	1.8122705398544976	2.859706227421112
1309.2999738463627	3.2565910126655715	0.004416153563705101
389.0721880234764	3.9811826009256346	1.5208602867646586
12.757302049167734	1.657992224927081	3.0985870980193244
-62.73410650090866	3.6879194138736238	2.8681551016401206
16.7300664492382	3.9564181750048406	5.412321970004906
236.93233404911183	3.3631241540219854	3.2447287730433056
11.474332463845014	3.8385194646100693	2.9853487673899566
714.5516523073725	3.5478056239906475	1.3557133944528512
364.5312435860399	0.46016186239867995	3.1450434655134636
368.85562310577166	3.094741700122321	2.126786377770879
88.96153801626016	1.5089039387841792	4.279597515240048
265.1471140823448	1.9116903822361175	2.877680702825806
3734.17851182859	3.2100869569960797	3.59156440265588
598.6801425560353	1.0077648872987748	1.1050298225454809
42.03823318185837	1.5932492143766688	1.3661009585844202
140.11441407620677	1.3540630345308147	4.535621818452929
482.03642988899423	2.5425250598467652	3.2283834527717037
461.9737949352595	2.216682343768163	4.4172028323392265
364.7283741270631	4.891775299164957	6.516879019325538
1659.1357718150548	3.5534536556579757	2.0000010081182897
64.1045575020192	0.645358136091111	3.104963030203167
641.5472550564006	3.139974678638428	2.993998375539782
1230.9472648829362	1.4377505667556991	0.5082594196548359
463.68996535439186	3.7840182324423655	1.9612325016023144
888.2746332242532	2.0810009407719368	-0.019009002170824886
133.2084095954689	1.9537866960838028	0.30982670211939334
139.41538960917393	2.2348661530075806	2.9336377819141872
57.19547526956577	2.3362137497046604	4.627924609519315
174.40724708581098	3.231450171187096	0.9815861241820137
155.07508774935218	2.2169701882164152	2.508885128561348
101.29531426899037	0.5271443774703625	2.512533955621384
771.6688915825978	2.670063250662956	1.231974125168987
1238.3793963053565	2.661364721598364	0.13253038634483652
127.77235851595694	3.9635823384636293	1.1691947639641223
46.624397118258045	3.2634882836900307	-0.015980879157834745
592.1499289861324	1.2733517777749777	1.954651079061015
361.3612486948503	2.9991072320471064	3.278488760566496
1301.0925074892043	4.010035022118414	3.8706406517509335
351.5905672510181	4.683554858839038	1.556775383717197
63.480568433519736	2.3293057684884855	2.2442053803201336
28.519390704548115	3.2141905064401746	3.292056567364922
232.3956013682877	2.1501303661944027	1.1947609979703482
420.45884747160693	0.8616862720825204	0.855525551980182
44.46856950915009	2.616740743438928	2.26727282313331
605.5763414093665	1.9122844212989871	3.2930317546974766
335.26500495929935	1.6290752766311347	1.092782890625607
337.05581429579945	1.9522558349290704	1.5466362589035798
234.48126859952902	1.875433401398836	2.532327176964597
1211.7917694273206	3.334546639825673	0.04915972245521789
292.70400094771685	3.6721374070127584	0.5381635248304837
-21.509674860315762	1.2487127059672114	2.8316237939998485
-22.955550634560627	4.290380892098415	4.550766138194199
214.13456740772403	2.3787089379060937	4.56623694254131
147.9687739604252	2.8506317837223043	6.112244989140302
-2.281184717964674	0.5240722032506394	3.1516120759867183
69.36363639779589	1.06025750717614	3.2973155512284142
5.204200865995099	0.4678087763699859	1.3482895242449744
779.9584537326725	2.697166146953528	1.1403073636281378
109.86519871761708	1.5729506268045133	2.034976728591658
