observedStorage observedOutflow observedWaterSupply elevationEnd observedInflow storage outflow totalWaterSupply waterSupply elevation totalIndoor totalOutdoor numOfHouseholds population shiftFactor inflow deficit
140929.11478882277 0.0 0.0 0.0 15615.024788822777 108727.75238499993 27768.59504132232 4432.767362500522 4432.767362500522 249.5410730033293 9.348224295008538E8 2.125244302343723E7 124159.0 331319.0 1.0 0.0 0.0 0.0 0.0 0 0.0 0.0 0.0
154984.54938577156 0.0 0.0 0.0 14055.434596948802 109970.89686227382 7933.884297520661 4878.405822154236 4878.405822154236 249.65604058654156 8.443557427746967E8 2.0783600182068074E8 124159.0 331319.0 0.9995 0.0 0.0 0.0 0.0 0 0.0 0.0 0.0
161473.1165004242 0.0 0.0 0.0 6488.567114652641 109598.97577742409 1983.4710743801652 4877.017125122212 4877.017125122212 249.62164485132934 9.37439363323385E8 1.1445286220651402E8 124666.0 332599.0 0.999 0.0 0.0 0.0 0.0 0 0.0 0.0 0.0
169530.01187458378 0.0 0.0 0.0 8056.895374159598 108955.90118477201 3966.9421487603304 4733.027818051326 4733.027818051326 249.56217249466124 9.097387507376856E8 1.1109735405608195E8 125174.0 333879.0 0.9985 0.0 0.0 0.0 0.0 0 0.0 0.0 0.0
208187.7632775713 0.0 0.0 0.0 38657.751402987524 125222.61348306024 17851.239669421488 4539.799435277816 4539.799435277816 250.9926282120284 9.426396810494899E8 3.6520245791052476E7 125681.0 335132.0 0.998 0.0 0.0 0.0 0.0 0 0.0 0.0 0.0
210722.14716543307 0.0 0.0 0.0 2534.3838878617607 117398.03413816929 5950.413223140496 4408.550009612221 4408.550009612221 250.31874174174442 9.148537822363181E8 3.59978063463623E7 126189.0 336450.0 0.9975 0.0 0.0 0.0 0.0 0 0.0 0.0 0.0
209940.80721169672 0.0 0.0 0.0 -781.3399537363314 104679.00887458431 6148.760330578512 5788.9249792701285 5788.9249792701285 249.16664005128865 9.481220950400233E8 3.004536273021574E8 126696.0 337802.0 0.997 0.0 0.0 0.0 0.0 0 0.0 0.0 0.0
224539.43761422532 0.0 0.0 0.0 14598.630402528594 107727.54866818634 6148.760330578512 5401.330278348044 5401.330278348044 249.44857289079684 9.507634084514892E8 2.1421452407389307E8 127204.0 339088.0 0.9965 0.0 0.0 0.0 0.0 0 0.0 0.0 0.0
224433.14227284395 0.0 0.0 0.0 -106.2953413813748 97290.55061392851 5950.413223140496 4380.289489735949 4380.289489735949 248.4473643635032 9.225564564794246E8 2.2199803671379857E7 127711.0 340327.0 0.996 0.0 0.0 0.0 0.0 0 0.0 0.0 0.0
224497.46362757127 0.0 0.0 0.0 64.32135472732162 89164.3287137996 3689.2561983471073 4501.287056509125 4501.287056509125 247.61288571730435 9.560564276385012E8 1.47970137494909E7 128219.0 341664.0 0.9955 0.0 0.0 0.0 0.0 0 0.0 0.0 0.0
314007.7096162717 0.0 0.0 0.0 89510.24598870044 113026.25432940517 59504.13223140493 6144.1881416900915 6144.1881416900915 249.9386039331735 9.278611625660052E8 3.973389695285428E8 128726.0 342995.0 0.995 0.0 0.0 0.0 0.0 0 0.0 0.0 0.0
331245.25655652647 0.0 0.0 0.0 17237.54694025475 109855.68497699009 15867.768595041325 4540.347697628474 4540.347697628474 249.64538564477851 9.61467561047864E8 1.7810616948575098E7 129234.0 344298.0 0.9945 0.0 0.0 0.0 0.0 0 0.0 0.0 0.0
340860.88596862846 0.0 0.0 0.0 9615.629412101986 108997.89205570574 5950.413223140496 4523.009110245829 4523.009110245829 249.56605586384035 9.640742686015227E8 1.1464261818871453E7 129741.0 345564.0 0.994 0.0 0.0 0.0 0.0 0 0.0 0.0 0.0
369573.42172016395 0.0 0.0 0.0 28712.535751535484 109656.57352957735 23801.65289256199 4252.201385101871 4252.201385101871 249.62697156474405 8.731140964591545E8 4.4015670286473185E7 130249.0 346828.0 0.9935 0.0 0.0 0.0 0.0 0 0.0 0.0 0.0
453880.1096380387 0.0 0.0 0.0 84306.68791787475 127379.42501751789 61487.603305785095 5096.233124149389 5096.233124149389 251.16643847348843 9.692874254896275E8 1.2988607857031918E8 130756.0 348112.0 0.993 0.0 0.0 0.0 0.0 0 0.0 0.0 0.0
461915.2557043082 0.0 0.0 0.0 8035.146066269539 109100.68424686033 21818.181818181823 4495.7050187452505 4495.7050187452505 249.57556221648574 9.404042210808944E8 2.9245266745289985E7 131264.0 349316.0 0.9925 0.0 0.0 0.0 0.0 0 0.0 0.0 0.0
469445.2458856263 0.0 0.0 0.0 7529.990181318077 105902.64572199159 6148.760330578512 4579.268375608305 4579.268375608305 249.27980354406654 9.743424084866667E8 1.333031837500917E7 131771.0 350576.0 0.992 0.0 0.0 0.0 0.0 0 0.0 0.0 0.0
496105.1565837639 0.0 0.0 0.0 26659.910698137595 121933.87653202943 5950.413223140496 4678.266664959274 4678.266664959274 250.70949315403425 9.455109101296773E8 6.351411635010447E7 132279.0 351886.0 0.9915 0.0 0.0 0.0 0.0 0 0.0 0.0 0.0
505148.4469829702 0.0 0.0 0.0 9043.29039920635 116818.41728779308 6148.760330578512 8009.98931286419 8009.98931286419 250.2688092081145 9.797520489327222E8 7.478706492476523E8 132786.0 353215.0 0.991 0.0 0.0 0.0 0.0 0 0.0 0.0 0.0
778481.2108554664 0.0 0.0 0.0 273332.7638724962 134870.14079621382 249917.35537190078 5363.684992174653 5363.684992174653 251.7700903212357 9.823622437029959E8 1.7449622095200074E8 133294.0 354485.0 0.9905 0.0 0.0 0.0 0.0 0 0.0 0.0 0.0
826427.027722208 0.0 0.0 0.0 47945.8168667415 123723.81529420102 53553.71900826446 5538.423360489863 5538.423360489863 250.86369187579265 9.532425137831794E8 2.4130413740241596E8 133801.0 355779.0 0.99 0.0 0.0 0.0 0.0 0 0.0 0.0 0.0
837940.9580177426 0.0 0.0 0.0 11513.930295534657 108289.39355532911 21818.181818181823 5130.170216224737 5130.170216224737 249.50053302093121 9.875982679234239E8 1.1889490764865834E8 134309.0 357039.0 0.9895 0.0 0.0 0.0 0.0 0 0.0 0.0 0.0
876112.9703477836 0.0 0.0 0.0 38172.012330041056 109455.61070073103 31735.537190082654 5270.25799455651 5270.25799455651 249.60838626659864 9.58304426117712E8 1.7840337473226237E8 134816.0 358329.0 0.989 0.0 0.0 0.0 0.0 0 0.0 0.0 0.0
918773.3484635516 0.0 0.0 0.0 42660.37811576798 109798.61058990243 37685.950413223145 4631.427813373502 4631.427813373502 249.64010733283106 9.930092323208071E8 5913425.731426345 135324.0 359676.0 0.9885 0.0 0.0 0.0 0.0 0 0.0 0.0 0.0
932622.5398637957 0.0 0.0 0.0 13849.191400244114 108450.89507503176 9917.355371900827 5279.551543213935 5279.551543213935 249.51546888699082 9.956376770287967E8 1.430745891209352E8 135831.0 360956.0 0.988 0.0 0.0 0.0 0.0 0 0.0 0.0 0.0
1033385.9467006312 0.0 0.0 0.0 100763.40683683538 148881.53335363965 55537.19008264461 4795.578475583141 4795.578475583141 252.8487709966235 9.017033878610517E8 1.3262386299080314E8 136339.0 362260.0 0.9875 0.0 0.0 0.0 0.0 0 0.0 0.0 0.0
1064812.667582241 0.0 0.0 0.0 31426.720881609745 113930.7157634222 61487.603305785095 4889.935166042288 4889.935166042288 250.02004098582205 1.0008838115717866E9 5.37946225085305E7 136846.0 363513.0 0.987 0.0 0.0 0.0 0.0 0 0.0 0.0 0.0
1083885.2990477826 0.0 0.0 0.0 19072.631465541595 108079.6336047316 19834.710743801657 5089.00288043051 5089.00288043051 249.48113415377154 9.711349656149968E8 1.2647909402254297E8 137354.0 364791.0 0.9865 0.0 0.0 0.0 0.0 0 0.0 0.0 0.0
1083979.516978239 0.0 0.0 0.0 94.21793045643342 96209.21033947053 6148.760330578512 5815.880865138977 5815.880865138977 248.3402585518493 1.0061774628771108E9 2.4821219983956397E8 137861.0 366094.0 0.986 0.0 0.0 0.0 0.0 0 0.0 0.0 0.0
1087118.9382873557 0.0 0.0 0.0 3139.421309116658 88520.62270026357 5950.413223140496 4877.5957251831305 4877.5957251831305 247.54369977431895 9.76244291283831E8 7.577272874379478E7 138369.0 367366.0 0.9855 0.0 0.0 0.0 0.0 0 0.0 0.0 0.0
1089389.198475756 0.0 0.0 0.0 2270.260188400221 79586.34308621747 6148.760330578512 5055.779471867801 5055.779471867801 246.5450338885093 1.0115216417585119E9 7.892667614021353E7 138876.0 368699.0 0.985 0.0 0.0 0.0 0.0 0 0.0 0.0 0.0
1366430.4799448976 0.0 0.0 0.0 277041.28146914166 121635.0498171657 230082.6446280992 4909.930110094266 4909.930110094266 250.6837499842493 1.0141949580468982E9 4.479605596937007E7 139384.0 369999.0 0.9845 0.0 0.0 0.0 0.0 0 0.0 0.0 0.0
1377246.934558068 0.0 0.0 0.0 10816.454613170243 121501.87931067345 5950.413223140496 4999.211896522006 4999.211896522006 250.67227768010625 9.84069681579894E8 9.417794249247049E7 139891.0 371302.0 0.984 0.0 0.0 0.0 0.0 0 0.0 0.0 0.0
1388254.9161178072 0.0 0.0 0.0 11007.981559739103 109173.68126386862 17851.23966942149 5484.9399371224 5484.9399371224 249.58231307351048 1.0194233024946617E9 1.635878556238611E8 140399.0 372548.0 0.9835 0.0 0.0 0.0 0.0 0 0.0 0.0 0.0
1404300.994136199 0.0 0.0 0.0 16046.078018391641 106350.03795994808 11900.826446280993 6968.894876031157 6968.894876031157 249.3211789475583 9.890016964387472E8 5.1407408791000473E8 140906.0 373788.0 0.983 0.0 0.0 0.0 0.0 0 0.0 0.0 0.0
1453530.88973854 0.0 0.0 0.0 49229.89560234094 108928.58869629561 41652.89256198347 4998.452304010019 4998.452304010019 249.55964660097064 1.0246113898060131E9 5.3472402682046555E7 141414.0 375076.0 0.9825 0.0 0.0 0.0 0.0 0 0.0 0.0 0.0
1489513.828157267 0.0 0.0 0.0 35982.93841872705 107949.23289073555 31735.537190082654 5226.757034204466 5226.757034204466 249.46907452980076 1.0272697115224901E9 1.0005564903582995E8 141921.0 376370.0 0.982 0.0 0.0 0.0 0.0 0 0.0 0.0 0.0
1568746.4997813194 0.0 0.0 0.0 79232.67162405228 127086.17339311405 55537.19008264461 4558.54103902944 4558.54103902944 251.14280630132274 9.302796425104796E8 5.292253941714306E7 142429.0 377676.0 0.9815 0.0 0.0 0.0 0.0 0 0.0 0.0 0.0
1577823.8799206517 0.0 0.0 0.0 9077.380139332265 109523.26252049807 21818.181818181823 4822.1091937664205 4822.1091937664205 249.6146427929805 1.032660573040099E9 7388916.524402152 142936.0 378998.0 0.981 0.0 0.0 0.0 0.0 0 0.0 0.0 0.0
1596236.7745318995 0.0 0.0 0.0 18412.894611247873 109052.36574510795 13884.297520661159 4999.493865976804 4999.493865976804 249.57109365995635 1.0019094541450104E9 7.639898609419245E7 143443.0 380289.0 0.9805 0.0 0.0 0.0 0.0 0 0.0 0.0 0.0
1630013.1743288452 0.0 0.0 0.0 33776.399796945705 126112.86486294023 11900.826446280991 4815.074232832427 4815.074232832427 251.06437060705457 1.0379417632195851E9 590401.2028086666 143951.0 381572.0 0.98 0.0 0.0 0.0 0.0 0 0.0 0.0 0.0
1631942.9794903947 0.0 0.0 0.0 1929.805161549455 116955.84472223226 5950.413223140496 5136.412079116943 5136.412079116943 250.28064823589182 1.007051283205451E9 1.0078815933166458E8 144458.0 382880.0 0.9795 0.0 0.0 0.0 0.0 0 0.0 0.0 0.0
1698274.98600718 0.0 0.0 0.0 66332.00651678536 122476.98421918413 53553.71900826446 7257.148011569033 7257.148011569033 250.75628051509167 1.0432971947828914E9 5.219500407807251E8 144966.0 384189.0 0.979 0.0 0.0 0.0 0.0 0 0.0 0.0 0.0
1699197.3083028817 0.0 0.0 0.0 922.3222957015008 112268.23023068148 6148.760330578512 4982.315953625627 4982.315953625627 249.86850089990583 1.0460260839039453E9 2.8577363716846492E7 145473.0 385519.0 0.9785 0.0 0.0 0.0 0.0 0 0.0 0.0 0.0
1703879.4644734282 0.0 0.0 0.0 4682.156170546449 105546.9021840531 5950.413223140496 5453.070994034333 5453.070994034333 249.2469039289793 1.0149180959893755E9 1.6121945627385822E8 145981.0 386846.0 0.978 0.0 0.0 0.0 0.0 0 0.0 0.0 0.0
1711494.2580072747 0.0 0.0 0.0 7614.793533846581 104344.54372619407 3689.2561983471073 5127.895793358504 5127.895793358504 249.13570828874447 1.0513120579654069E9 5.46905620744604E7 146488.0 388098.0 0.9775 0.0 0.0 0.0 0.0 0 0.0 0.0 0.0
1725361.5015453033 0.0 0.0 0.0 13867.243538028539 106724.5100155763 3966.9421487603304 7520.335099885959 7520.335099885959 249.35581059979435 1.0200458138878592E9 6.019665395643854E8 146996.0 389433.0 0.977 0.0 0.0 0.0 0.0 0 0.0 0.0 0.0
1774142.5063354608 0.0 0.0 0.0 48781.004790157494 107514.68732605797 41652.89256198347 6337.934917692451 6337.934917692451 249.42888720300175 1.056681009170901E9 3.1030710975397176E8 147503.0 390716.0 0.9765 0.0 0.0 0.0 0.0 0 0.0 0.0 0.0
1871247.2434616515 0.0 0.0 0.0 97104.73712619074 137580.86795809446 61487.603305785095 5550.953188369467 5550.953188369467 251.98853879910504 1.0593011492803571E9 1.3794797930084285E8 148011.0 391994.0 0.976 0.0 0.0 0.0 0.0 0 0.0 0.0 0.0
1893576.7019908174 0.0 0.0 0.0 22329.458529166004 109755.00781293956 45619.834710743795 4535.483963577204 4535.483963577204 249.63607489253116 9.593122211842129E8 1.8916929525818486E7 148518.0 393355.0 0.9755 0.0 0.0 0.0 0.0 0 0.0 0.0 0.0
2070963.4144377103 0.0 0.0 0.0 177386.71244689293 188572.36337240954 93223.14049586785 5346.216391555332 5346.216391555332 255.66616022863792 1.0646552630638776E9 8.843551230178583E7 149026.0 394600.0 0.975 0.0 0.0 0.0 0.0 0 0.0 0.0 0.0
2074570.2959902587 0.0 0.0 0.0 3606.881552548438 127312.58927286959 59504.13223140493 5362.5234206837295 5362.5234206837295 251.16105240332578 1.032946787846936E9 1.2366114497664021E8 149533.0 395925.0 0.9745 0.0 0.0 0.0 0.0 0 0.0 0.0 0.0
2077793.650582766 0.0 0.0 0.0 3223.35459250714 115626.18016420375 6148.760330578512 8761.003370594464 8761.003370594464 250.16610097899755 1.0701162510157646E9 8.194878034603943E8 150041.0 397257.0 0.974 0.0 0.0 0.0 0.0 0 0.0 0.0 0.0
2079944.4990222233 0.0 0.0 0.0 2150.848439457327 106547.57122422119 5950.413223140496 5279.044156299395 5279.044156299395 249.33944707520774 1.0381187560674088E9 1.004840750845936E8 150548.0 398525.0 0.9735 0.0 0.0 0.0 0.0 0 0.0 0.0 0.0
2079842.6795376344 0.0 0.0 0.0 -101.81948458891459 93361.75502500964 6148.760330578512 6935.236384044131 6935.236384044131 248.05822058488607 1.0754131002459407E9 4.2040310204119915E8 151056.0 399834.0 0.973 0.0 0.0 0.0 0.0 0 0.0 0.0 0.0
2079615.3038015575 0.0 0.0 0.0 -227.37573607683777 80878.0818229517 6148.760330578512 6107.537135402591 6107.537135402591 246.69698527502078 1.0781164889186647E9 2.391786250941427E8 151563.0 401155.0 0.9725 0.0 0.0 0.0 0.0 0 0.0 0.0 0.0
2083959.43627301 0.0 0.0 0.0 4344.132471452431 74293.93438199109 5950.413223140496 4977.866689272561 4977.866689272561 245.91654310710058 1.0458980460180181E9 2.774576859896648E7 152071.0 402449.0 0.972 0.0 0.0 0.0 0.0 0 0.0 0.0 0.0
2087444.2676132827 0.0 0.0 0.0 3484.8313402726926 68841.37748041133 3689.2561983471073 5248.132043505338 5248.132043505338 245.22883908898416 1.0834706727932453E9 4.846492503043688E7 152578.0 403765.0 0.9715 0.0 0.0 0.0 0.0 0 0.0 0.0 0.0
2158579.532362341 0.0 0.0 0.0 71135.26474905845 109118.78693902565 25785.123966942156 5072.73132350198 5072.73132350198 249.57723637649363 1.0510893768468573E9 4.301517609913759E7 153086.0 405058.0 0.971 0.0 0.0 0.0 0.0 0 0.0 0.0 0.0
2204876.084219031 0.0 0.0 0.0 46296.55185669015 108619.56816664277 41652.89256198347 5142.878067089635 5142.878067089635 249.53106798914666 1.0887129899889739E9 2.052105960371613E7 153593.0 406317.0 0.9705 0.0 0.0 0.0 0.0 0 0.0 0.0 0.0
2232303.6090991707 0.0 0.0 0.0 27427.524880139452 108983.68995318211 21818.181818181823 5245.221275418272 5245.221275418272 249.5647424353262 1.0913920733820193E9 3.991571973270851E7 154101.0 407623.0 0.97 0.0 0.0 0.0 0.0 0 0.0 0.0 0.0
2255247.4837390357 0.0 0.0 0.0 22943.87463986509 109126.27753818371 17851.23966942149 4950.047385441949 4950.047385441949 249.5779291166359 9.881686907040843E8 7.947495851220445E7 154608.0 408914.0 0.9695 0.0 0.0 0.0 0.0 0 0.0 0.0 0.0
2286025.2829483314 0.0 0.0 0.0 30777.799209295757 108566.88178130877 25785.123966942156 5552.070999228553 5552.070999228553 249.52619548518533 1.096724335481295E9 1.007658864842475E8 155116.0 410219.0 0.969 0.0 0.0 0.0 0.0 0 0.0 0.0 0.0
2299858.2053530035 0.0 0.0 0.0 13832.92240467218 109046.79106078083 7933.884297520661 5419.128827679433 5419.128827679433 249.57057810605573 1.063886036848616E9 1.0493074946461855E8 155623.0 411499.0 0.9685 0.0 0.0 0.0 0.0 0 0.0 0.0 0.0
2388019.908221083 0.0 0.0 0.0 88161.70286807978 119886.34495948201 71404.95867768595 5917.1902916926665 5917.1902916926665 250.53310345963834 1.1020888336088402E9 1.7415160294006485E8 156131.0 412836.0 0.968 0.0 0.0 0.0 0.0 0 0.0 0.0 0.0
2389947.8061755016 0.0 0.0 0.0 1927.897954418381 110315.32721899578 5950.413223140496 5548.502471764116 5548.502471764116 249.6878939442334 1.0690098884110097E9 1.2771066098230593E8 156638.0 414081.0 0.9675 0.0 0.0 0.0 0.0 0 0.0 0.0 0.0
2399298.573590556 0.0 0.0 0.0 9350.767415054645 107971.84574472834 6148.760330578512 5545.488558743564 5545.488558743564 249.47116579531382 1.107303484554473E9 8.876701346703438E7 157146.0 415381.0 0.967 0.0 0.0 0.0 0.0 0 0.0 0.0 0.0
2405751.4835857376 0.0 0.0 0.0 6452.909995181277 100299.2097927971 6148.760330578512 7976.785616534001 7976.785616534001 248.74536943272554 1.1099609997481234E9 6.105002082991555E8 157653.0 416678.0 0.9665 0.0 0.0 0.0 0.0 0 0.0 0.0 0.0
2409396.0659745755 0.0 0.0 0.0 3644.5823888376453 92140.95263290497 5950.413223140496 5852.426325589288 5852.426325589288 247.93281520130105 1.0767514419440117E9 1.8552047435916963E8 158161.0 417987.0 0.966 0.0 0.0 0.0 0.0 0 0.0 0.0 0.0
2419181.7806024724 0.0 0.0 0.0 9785.714627896838 92368.2605078865 3689.2561983471073 5869.150554568201 5869.150554568201 247.95724640024577 1.1152632750453293E9 1.5061578185088372E8 158668.0 419262.0 0.9655 0.0 0.0 0.0 0.0 0 0.0 0.0 0.0
2462140.774511297 0.0 0.0 0.0 42958.993908824355 107941.0263994572 21818.181818181823 5568.046199071828 5568.046199071828 249.46831558304422 1.0818520656904604E9 1.1908374362213875E8 159176.0 420550.0 0.965 0.0 0.0 0.0 0.0 0 0.0 0.0 0.0
2476879.001153115 0.0 0.0 0.0 14738.226641818395 108951.16502426156 7933.884297520661 5794.203719493372 5794.203719493372 249.56173448851027 1.1204978176589224E9 1.2921644196078038E8 159683.0 421810.0 0.9645 0.0 0.0 0.0 0.0 0 0.0 0.0 0.0
2608143.879633742 0.0 0.0 0.0 131264.8784806269 165398.39044835136 69421.48760330575 5396.165453231583 5396.165453231583 254.058608653662 1.123206749273998E9 4.065721558508652E7 160191.0 423131.0 0.964 0.0 0.0 0.0 0.0 0 0.0 0.0 0.0
2624748.7788921315 0.0 0.0 0.0 16604.89925838974 120783.08275681282 55537.19008264461 5683.0168672839 5683.0168672839 250.61035516512862 1.0168210215979884E9 2.089120662474966E8 160698.0 424382.0 0.9635 0.0 0.0 0.0 0.0 0 0.0 0.0 0.0
2714097.180007278 0.0 0.0 0.0 89348.4011151465 142431.26049976694 61487.603305785095 6212.620066407571 6212.620066407571 252.35780792356272 1.1284296257724857E9 2.1153014479669017E8 161206.0 425679.0 0.963 0.0 0.0 0.0 0.0 0 0.0 0.0 0.0
2736772.8900059047 0.0 0.0 0.0 22675.709998626844 107329.82660454957 51570.24793388428 6206.895959960048 6206.895959960048 249.41179104823357 1.0946066113268754E9 2.441185638055743E8 161713.0 426975.0 0.9625 0.0 0.0 0.0 0.0 0 0.0 0.0 0.0
2740095.991814041 0.0 0.0 0.0 3323.1018081364546 98932.51660256826 6148.760330578512 5571.651479539256 5571.651479539256 248.60999966348737 1.1337556080682263E9 6.795780083168422E7 162221.0 428276.0 0.962 0.0 0.0 0.0 0.0 0 0.0 0.0 0.0
2742245.0672168597 0.0 0.0 0.0 2149.0754028188403 89625.36868852132 5950.413223140496 5505.810093725274 5505.810093725274 247.66243859506892 1.0996616152326174E9 8.785089174624512E7 162728.0 429526.0 0.9615 0.0 0.0 0.0 0.0 0 0.0 0.0 0.0
2751037.548697658 0.0 0.0 0.0 8792.481480798007 86176.86877575007 6148.760330578512 6092.221062990754 6092.221062990754 247.29179157091036 1.1389365641733441E9 1.7505512540986454E8 163235.0 430803.0 0.961 0.0 0.0 0.0 0.0 0 0.0 0.0 0.0
2752063.380082499 0.0 0.0 0.0 1025.8313848407886 74073.31769580729 6148.760330578512 6980.62213420506 6980.62213420506 245.88831320483777 1.1414880068583274E9 3.641171538261846E8 163743.0 432047.0 0.9605 0.0 0.0 0.0 0.0 0 0.0 0.0 0.0
2756753.7750226744 0.0 0.0 0.0 4690.394940175563 67456.98260506077 5950.413223140496 5356.316807781586 5356.316807781586 245.05169323161368 1.1071907179056797E9 4.807855079538194E7 164250.0 433318.0 0.96 0.0 0.0 0.0 0.0 0 0.0 0.0 0.0
2809165.1372927628 0.0 0.0 0.0 52411.36227008852 108557.15743967159 5950.413223140496 5360.774212337193 5360.774212337193 249.52529616569606 1.1468595278262303E9 9371129.586162535 164758.0 434663.0 0.9595 0.0 0.0 0.0 0.0 0 0.0 0.0 0.0
2830368.87242737 0.0 0.0 0.0 21203.735134607054 107777.77933660954 15867.768595041325 6115.344642627733 6115.344642627733 249.45321828693326 1.112445074248084E9 2.0653399040983364E8 165265.0 435958.0 0.959 0.0 0.0 0.0 0.0 0 0.0 0.0 0.0
2846579.3076493847 0.0 0.0 0.0 16210.435222014721 108043.29973484464 9917.355371900827 6027.559451878787 6027.559451878787 249.477773951248 1.152226997532376E9 1.478182480943088E8 165773.0 437275.0 0.9585 0.0 0.0 0.0 0.0 0 0.0 0.0 0.0
2921531.8958856277 0.0 0.0 0.0 74952.58823624277 116098.08447607746 61487.603305785095 5410.20018922507 5410.20018922507 250.2067543483871 1.1547862977428832E9 1.210472839308771E7 166280.0 438521.0 0.958 0.0 0.0 0.0 0.0 0 0.0 0.0 0.0
3079110.19742232 0.0 0.0 0.0 157578.30153669236 187142.3318533632 81322.3140495868 5211.740109819951 5211.740109819951 255.56920893921105 1.0454920918900728E9 7.85943655398823E7 166788.0 439847.0 0.9575 0.0 0.0 0.0 0.0 0 0.0 0.0 0.0
3110852.345637597 0.0 0.0 0.0 31742.148215277328 150085.11484897495 61487.603305785095 7311.76191388077 7311.76191388077 252.94038170566105 1.1601356493789198E9 4.1689090493233144E8 167295.0 441129.0 0.957 0.0 0.0 0.0 0.0 0 0.0 0.0 0.0
3201274.8706488223 0.0 0.0 0.0 90422.52501122511 164921.38204956808 67438.01652892558 8148.241281706569 8148.241281706569 254.02495251884343 1.1253443733635798E9 6.320969962425176E8 167803.0 442451.0 0.9565 0.0 0.0 0.0 0.0 0 0.0 0.0 0.0
3205318.3988570296 0.0 0.0 0.0 4043.5282082073513 119458.99852513852 41652.89256198347 7853.019170653435 7853.019170653435 250.4962886393124 1.1655252745216572E9 5.2824155069527763E8 168310.0 443752.0 0.956 0.0 0.0 0.0 0.0 0 0.0 0.0 0.0
3207295.2369004926 0.0 0.0 0.0 1976.8380434629726 110223.32322140566 5950.413223140496 5262.100124055329 5262.100124055329 249.6793852974573 1.1305283774951794E9 4419905.122166922 168818.0 445064.0 0.9555 0.0 0.0 0.0 0.0 0 0.0 0.0 0.0
3209011.2419424052 0.0 0.0 0.0 1716.0050419126198 94537.31284477703 6148.760330578512 11253.255087962736 11253.255087962736 248.1746585622798 1.1708439691983552E9 1.2562977108993442E9 169325.0 446344.0 0.955 0.0 0.0 0.0 0.0 0 0.0 0.0 0.0
3210922.9984943136 0.0 0.0 0.0 1911.7565519085506 83675.89791272079 6148.760330578512 6624.411153386269 6624.411153386269 247.0229855882116 1.1734940923642757E9 2.552822297590357E8 169833.0 447632.0 0.9545 0.0 0.0 0.0 0.0 0 0.0 0.0 0.0
3212170.2048119707 0.0 0.0 0.0 1247.206317657223 72897.0304727871 5950.413223140496 6075.660534450415 6075.660534450415 245.73779660560297 1.1383125655688374E9 1.7210729090981296E8 170340.0 448980.0 0.954 0.0 0.0 0.0 0.0 0 0.0 0.0 0.0
3217418.3784576566 0.0 0.0 0.0 5248.173645686016 68873.18097931813 3689.2561983471073 5582.766940807863 5582.766940807863 245.23290863458965 1.1787965217107198E9 2.5314309012228362E7 170848.0 450218.0 0.9535 0.0 0.0 0.0 0.0 0 0.0 0.0 0.0
3248274.390834042 0.0 0.0 0.0 30856.01237638541 89502.55914040732 3570.2479338842977 6656.386281411918 6656.386281411918 247.64923894458377 1.1433330111309774E9 2.9233981918894213E8 171355.0 451509.0 0.9530000000000001 0.0 0.0 0.0 0.0 0 0.0 0.0 0.0
3252329.241064377 0.0 0.0 0.0 4054.8502303353507 84220.83345204854 3689.2561983471073 5647.319720347026 5647.319720347026 247.08155561608433 1.1841210365322123E9 3.391276497300733E7 171863.0 452816.0 0.9525 0.0 0.0 0.0 0.0 0 0.0 0.0 0.0
3266455.460074076 0.0 0.0 0.0 14126.219009698907 88696.70896450491 3689.2561983471073 5961.087298895418 5961.087298895418 247.56262564106888 1.1867410309335225E9 9.896726668882036E7 172370.0 454095.0 0.952 0.0 0.0 0.0 0.0 0 0.0 0.0 0.0
3280464.0768150855 0.0 0.0 0.0 14008.616741009671 93570.2465198471 3332.2314049586776 5802.847780708812 5802.847780708812 248.0788714857218 1.0743196039329984E9 1.7725903724585956E8 172878.0 455403.0 0.9515 0.0 0.0 0.0 0.0 0 0.0 0.0 0.0
3436303.52009112 0.0 0.0 0.0 155839.44327603458 166140.6423433379 75371.90082644626 7897.14662609768 7897.14662609768 254.11097949222733 1.192048134701389E9 5.112362554784112E8 173385.0 456681.0 0.951 0.0 0.0 0.0 0.0 0 0.0 0.0 0.0
3521211.0849224366 0.0 0.0 0.0 84907.56483131647 171642.3678779243 73388.42975206609 6017.409544664155 6017.409544664155 254.49916304790264 1.1561504485702248E9 1.4170562932980624E8 173893.0 457968.0 0.9505 0.0 0.0 0.0 0.0 0 0.0 0.0 0.0
3526270.2606931594 0.0 0.0 0.0 5059.175770722944 115761.67073805236 47603.305785123965 13336.567125470916 13336.567125470916 250.1777731511072 1.19736559636855E9 1.6791121593261373E9 174400.0 459274.0 0.95 0.0 0.0 0.0 0.0 0 0.0 0.0 0.0
3597035.3154999497 0.0 0.0 0.0 70765.05480679021 117275.80481641032 59504.132231404954 9746.788497027293 9746.788497027293 250.30821199314354 1.1612030645556395E9 9.410185969401393E8 174908.0 460515.0 0.9495 0.0 0.0 0.0 0.0 0 0.0 0.0 0.0
3602783.533516645 0.0 0.0 0.0 5748.218016695367 109375.63451474145 6148.760330578512 7499.627987785718 7499.627987785718 249.60098996714524 1.2026000094244E9 4.1494616118066937E8 175415.0 461827.0 0.9490000000000001 0.0 0.0 0.0 0.0 0 0.0 0.0 0.0
3606017.525108577 0.0 0.0 0.0 3233.991591932374 100274.36168237154 6148.760330578512 6186.504093723765 6186.504093723765 248.7429082490463 1.2052518739376273E9 1.2907511168560536E8 175923.0 463118.0 0.9485 0.0 0.0 0.0 0.0 0 0.0 0.0 0.0
3605893.136008788 0.0 0.0 0.0 -124.38909978912065 88225.30008011342 5950.413223140496 5974.259279328509 5974.259279328509 247.5119583061171 1.1690010593662777E9 1.1954821737367554E8 176430.0 464442.0 0.9480000000000001 0.0 0.0 0.0 0.0 0 0.0 0.0 0.0
3644415.6268613585 0.0 0.0 0.0 38522.49085257049 108483.85730862743 11900.826446280993 6363.107177775475 6363.107177775475 249.5185172762996 1.210487557734543E9 1.6192980287487355E8 176938.0 465674.0 0.9475 0.0 0.0 0.0 0.0 0 0.0 0.0 0.0
3654149.898340622 0.0 0.0 0.0 9734.271479263305 108558.85885788543 3966.9421487603304 5692.327781244966 5692.327781244966 249.5254535150176 1.173995248639081E9 5.374604991318352E7 177445.0 466958.0 0.9470000000000001 0.0 0.0 0.0 0.0 0 0.0 0.0 0.0
3816537.278789767 0.0 0.0 0.0 162387.38044914504 179544.51560391902 85289.25619834714 6112.4675047644705 6112.4675047644705 255.05410275280806 1.2157163354570386E9 1.0264217797750574E8 177953.0 468219.0 0.9465 0.0 0.0 0.0 0.0 0 0.0 0.0 0.0
3854027.4289287766 0.0 0.0 0.0 37490.1501390098 149046.0261527886 61487.603305785095 6501.036284355385 6501.036284355385 252.86129138017878 1.2184519641261535E9 1.8371443184187678E8 178460.0 469554.0 0.9460000000000001 0.0 0.0 0.0 0.0 0 0.0 0.0 0.0
3891164.463173038 0.0 0.0 0.0 37137.034244261005 123959.638452741 55537.19008264461 6686.231861664262 6686.231861664262 250.88400744768614 1.1028879462451866E9 3.392220839099493E8 178968.0 470822.0 0.9455 0.0 0.0 0.0 0.0 0 0.0 0.0 0.0
3922476.599389627 0.0 0.0 0.0 31312.136216589344 107130.00681047243 41652.89256198347 6488.875296874508 6488.875296874508 249.39331145939818 1.2237047165030742E9 1.7583875486419702E8 179475.0 472113.0 0.9450000000000001 0.0 0.0 0.0 0.0 0 0.0 0.0 0.0
3942381.5688702133 0.0 0.0 0.0 19904.96948058622 107260.91214215658 13884.297520661159 5889.7666282408845 5889.7666282408845 249.4054177510549 1.1867774061003606E9 8.354819815373418E7 179983.0 473399.0 0.9445 0.0 0.0 0.0 0.0 0 0.0 0.0 0.0
3950492.800078525 0.0 0.0 0.0 8111.231208311907 103053.69545231797 6148.760330578512 6169.687567571987 6169.687567571987 249.01632899771738 1.2290603884584196E9 1.0163954959440835E8 180490.0 474725.0 0.9440000000000001 0.0 0.0 0.0 0.0 0 0.0 0.0 0.0
3949423.727772689 0.0 0.0 0.0 -1069.0723058363544 90280.84391492483 5950.413223140496 5753.366008416298 5753.366008416298 247.73288950074428 1.191924166081012E9 4.898207222172354E7 180998.0 475988.0 0.9435 0.0 0.0 0.0 0.0 0 0.0 0.0 0.0
3963511.237177236 0.0 0.0 0.0 14087.509404547027 90531.9583783635 6148.760330578512 7687.634610529846 7687.634610529846 247.75987944737355 1.23424971513233E9 4.2384638583887005E8 181505.0 477253.0 0.9430000000000001 0.0 0.0 0.0 0.0 0 0.0 0.0 0.0
3966994.4567945055 0.0 0.0 0.0 3483.219617269396 78862.23826904898 6148.760330578512 9004.179396005407 9004.179396005407 246.45985510752254 1.2368883432464259E9 7.051647726147496E8 182012.0 478538.0 0.9425 0.0 0.0 0.0 0.0 0 0.0 0.0 0.0
3966802.9290102054 0.0 0.0 0.0 -191.5277842999771 66497.91514128482 5950.413223140496 6222.382120323693 6222.382120323693 244.92224613269153 1.1995417384597733E9 1.425235462664314E8 182520.0 479823.0 0.9420000000000001 0.0 0.0 0.0 0.0 0 0.0 0.0 0.0
3994542.3453416564 0.0 0.0 0.0 27739.416331450902 83318.04264222279 3689.2561983471073 7230.03263216582 7230.03263216582 246.9840057219413 1.2421297228922737E9 3.172691721679639E8 183027.0 481091.0 0.9415 0.0 0.0 0.0 0.0 0 0.0 0.0 0.0
4005153.7940500434 0.0 0.0 0.0 10611.448708387108 84007.94712896399 3570.2479338842977 6351.296287761612 6351.296287761612 247.05867445496173 1.2045668304576244E9 1.653031158090879E8 183535.0 482351.0 0.9410000000000001 0.0 0.0 0.0 0.0 0 0.0 0.0 0.0
4059441.3008574876 0.0 0.0 0.0 54287.50680744432 108639.52727438817 23801.65289256199 5854.273769458151 5854.273769458151 249.53291383282976 1.2474536386694643E9 1.5216740833716834E7 184042.0 483684.0 0.9405 0.0 0.0 0.0 0.0 0 0.0 0.0 0.0
4157396.4738415303 0.0 0.0 0.0 97955.1729840427 139215.06106292276 61487.603305785095 5892.035889723272 5892.035889723272 252.11300662680188 1.2500966902565415E9 2.071835630656708E7 184550.0 484971.0 0.9400000000000001 0.0 0.0 0.0 0.0 0 0.0 0.0 0.0
4225141.270334264 0.0 0.0 0.0 67744.796492734 144951.50989236316 55537.19008264461 6471.15758064924 6471.15758064924 252.54963692284696 1.1315269718474677E9 2.641950801020042E8 185057.0 486265.0 0.9395 0.0 0.0 0.0 0.0 0 0.0 0.0 0.0
4257506.961511526 0.0 0.0 0.0 32365.69117726158 109668.99129972086 61487.603305785095 6160.606464118955 6160.606464118955 249.62811997592905 1.2555538486495717E9 7.318744503694905E7 185582.0 487627.0 0.9390000000000001 0.0 0.0 0.0 0.0 0 0.0 0.0 0.0
4307010.44185606 0.0 0.0 0.0 49503.480344533506 106958.11732677715 45619.834710743795 6594.519606733526 6594.519606733526 249.3774149012094 1.2176921025218456E9 2.046371055692926E8 186107.0 488956.0 0.9385 0.0 0.0 0.0 0.0 0 0.0 0.0 0.0
4394958.0402462855 0.0 0.0 0.0 87947.59839022497 123273.9053549303 65454.54545454545 6177.26490752636 6177.26490752636 250.82493326627588 1.2609886756349056E9 7.134556977753936E7 186632.0 490273.0 0.9380000000000001 0.0 0.0 0.0 0.0 0 0.0 0.0 0.0
4405333.7331247665 0.0 0.0 0.0 10375.692878480713 121749.6476795658 5950.413223140496 5949.537330704736 5949.537330704736 250.69362230182338 1.2230594503826613E9 6.015770943242791E7 187157.0 491658.0 0.9375 0.0 0.0 0.0 0.0 0 0.0 0.0 0.0
4404827.597460035 0.0 0.0 0.0 -506.1356647314216 107861.69330313061 6148.760330578512 7233.05838112525 7233.05838112525 249.46097875734122 1.266585099903241E9 2.934663993476171E8 187682.0 493002.0 0.937 0.0 0.0 0.0 0.0 0 0.0 0.0 0.0
4404100.946858928 0.0 0.0 0.0 -726.6506011078623 92947.08250789969 6148.760330578512 8039.199863544551 8039.199863544551 248.0171476335083 1.269344297676271E9 4.6457863492684335E8 188206.0 494344.0 0.9365 0.0 0.0 0.0 0.0 0 0.0 0.0 0.0
4414754.441857628 0.0 0.0 0.0 10653.494998700415 90710.6112141471 5950.413223140496 6939.553069312503 6939.553069312503 247.77908117091005 1.2310323561434507E9 2.6571488402018282E8 188731.0 495673.0 0.936 0.0 0.0 0.0 0.0 0 0.0 0.0 0.0
4415962.343882968 0.0 0.0 0.0 1207.902025339755 81909.1790084771 3689.2561983471073 6320.078032662637 6320.078032662637 246.8182765566965 1.2748766539854848E9 8.826002910238446E7 189256.0 497040.0 0.9355 0.0 0.0 0.0 0.0 0 0.0 0.0 0.0
4478795.618107078 0.0 0.0 0.0 62833.27422410997 105836.70285944213 31735.537190082654 7170.213183062329 7170.213183062329 249.2737050642229 1.2364470007150538E9 3.100498249388019E8 189781.0 498397.0 0.935 0.0 0.0 0.0 0.0 0 0.0 0.0 0.0
4488795.552972703 0.0 0.0 0.0 9999.934865625155 107099.80984635137 1983.4710743801652 6753.356804335733 6753.356804335733 249.39051880572933 1.2804565576667783E9 1.7613121647303733E8 190306.0 499763.0 0.9345 0.0 0.0 0.0 0.0 0 0.0 0.0 0.0
4607649.566699558 0.0 0.0 0.0 118854.01372685473 156212.36410540334 63471.07438016526 6270.385087637741 6270.385087637741 253.38998276758005 1.2832224210041666E9 6.919631273114368E7 190831.0 501111.0 0.934 0.0 0.0 0.0 0.0 0 0.0 0.0 0.0
4664823.025628577 0.0 0.0 0.0 57173.45892901948 151498.9138343138 55537.19008264461 6349.719117464687 6349.719117464687 253.04565883806808 1.1605896748972232E9 2.0894010172735265E8 191355.0 502506.0 0.9335 0.0 0.0 0.0 0.0 0 0.0 0.0 0.0
4690538.48576052 0.0 0.0 0.0 25715.460131943688 109295.1490446743 61487.603305785095 6431.621615798266 6431.621615798266 249.59354656845227 1.2865791196443136E9 1.0061567619986759E8 191880.0 503838.0 0.933 0.0 0.0 0.0 0.0 0 0.0 0.0 0.0
4699207.623084641 0.0 0.0 0.0 8669.137324120584 108159.08853172684 3966.9421487603304 5838.255688307706 5838.255688307706 249.48848224652983 1.2466694162854288E9 1.2546127074240182E7 192405.0 505176.0 0.9325 0.0 0.0 0.0 0.0 0 0.0 0.0 0.0
4702711.937680012 0.0 0.0 0.0 3504.314595370369 97109.72923777158 6148.760330578512 8404.913558747106 8404.913558747106 248.42945416380465 1.2898402115157092E9 5.229611385464889E8 192930.0 506483.0 0.932 0.0 0.0 0.0 0.0 0 0.0 0.0 0.0
4704505.741024732 0.0 0.0 0.0 1793.8033447197192 86854.44916391284 5950.413223140496 6098.670195437966 6098.670195437966 247.36461835381695 1.2498016540244017E9 6.558100715320405E7 193455.0 507793.0 0.9315 0.0 0.0 0.0 0.0 0 0.0 0.0 0.0
4713146.718201638 0.0 0.0 0.0 8640.977176906143 81602.56149881812 6148.760330578512 7744.104511422358 7744.104511422358 246.7822081518431 1.293087548375678E9 3.7718817965154946E8 193980.0 509119.0 0.931 0.0 0.0 0.0 0.0 0 0.0 0.0 0.0
4713285.991757304 0.0 0.0 0.0 139.2735556659621 69380.87922503015 6148.760330578512 6212.195498875412 6212.195498875412 245.29787322137304 1.2946673033283734E9 4.520089501660318E7 194504.0 510413.0 0.9305 0.0 0.0 0.0 0.0 0 0.0 0.0 0.0
4738644.216830295 0.0 0.0 0.0 25358.225072989906 80849.21842506272 5950.413223140496 7939.472649816851 7939.472649816851 246.6935899805979 1.254564744234966E9 4.578486717713138E8 195029.0 511803.0 0.93 0.0 0.0 0.0 0.0 0 0.0 0.0 0.0
4747088.968639137 0.0 0.0 0.0 8444.751808842497 78303.27481251802 3689.2561983471073 7301.439223040079 7301.439223040079 246.39410243648018 1.2980013740899696E9 2.767987459127197E8 195554.0 513122.0 0.9295 0.0 0.0 0.0 0.0 0 0.0 0.0 0.0
4747463.588347966 0.0 0.0 0.0 374.6197088290046 68860.00020909589 3570.2479338842977 6247.646378366848 6247.646378366848 245.23122203571285 1.2576822207477007E9 8.983214810867374E7 196079.0 514420.0 0.929 0.0 0.0 0.0 0.0 0 0.0 0.0 0.0
4816609.703861656 0.0 0.0 0.0 69146.11551368995 107291.60575485732 23801.65289256199 6912.8570753665135 6912.8570753665135 249.40825633541638 1.3012712895614567E9 1.8971806463498017E8 196604.0 515778.0 0.9285 0.0 0.0 0.0 0.0 0 0.0 0.0 0.0
4836151.146923878 0.0 0.0 0.0 19541.443062222927 105785.05667437216 13884.297520661159 7163.694622046895 7163.694622046895 249.26892875930568 1.3029850315700777E9 2.4210584789217025E8 197129.0 517172.0 0.928 0.0 0.0 0.0 0.0 0 0.0 0.0 0.0
5012108.2001120765 0.0 0.0 0.0 175957.0531881983 190607.6470297685 85289.25619834715 5845.2066344549685 5845.2066344549685 255.80414556134025 1.1783750373404355E9 8.233971055883661E7 197653.0 518509.0 0.9275 0.0 0.0 0.0 0.0 0 0.0 0.0 0.0
5065521.366926434 0.0 0.0 0.0 53413.166814357675 165936.66907075464 71404.95867768592 6679.186095685819 6679.186095685819 254.09658781279578 1.3062490761276467E9 1.3434129841399524E8 198178.0 519824.0 0.927 0.0 0.0 0.0 0.0 0 0.0 0.0 0.0
5065524.781056804 0.0 0.0 0.0 3.4141303694312706 107683.52778275515 51570.24793388428 6686.307484484761 6686.307484484761 249.44450178329373 1.2656868004404373E9 1.7643954031220397E8 198703.0 521149.0 0.9265 0.0 0.0 0.0 0.0 0 0.0 0.0 0.0
5084851.665814908 0.0 0.0 0.0 19326.884758104203 112177.35016624766 6148.760330578512 8684.302044033177 8684.302044033177 249.86009619589825 1.309509679588717E9 5.635511627088637E8 199228.0 522478.0 0.926 0.0 0.0 0.0 0.0 0 0.0 0.0 0.0
5087056.847837119 0.0 0.0 0.0 2205.1820222107945 101493.1949763167 5950.413223140496 6938.923989001261 6938.923989001261 248.8636326244371 1.2688999454384673E9 2.277116124697962E8 199753.0 523851.0 0.9255 0.0 0.0 0.0 0.0 0 0.0 0.0 0.0
5086782.220173905 0.0 0.0 0.0 -274.6276632142749 87767.23370047635 6148.760330578512 7302.5732820475705 7302.5732820475705 247.4627250322954 1.3128670174192405E9 2.621777004244862E8 200277.0 525217.0 0.925 0.0 0.0 0.0 0.0 0 0.0 0.0 0.0
5093128.145014198 0.0 0.0 0.0 6345.924840292937 80938.20621293724 6148.760330578512 7026.191997253542 7026.191997253542 246.70405790059255 1.3144900860879798E9 2.0094374311170715E8 200802.0 526537.0 0.9245 0.0 0.0 0.0 0.0 0 0.0 0.0 0.0
5093582.799633855 0.0 0.0 0.0 454.6546196577213 68651.1894264139 5950.413223140496 6791.25818304057 6791.25818304057 245.20450280568315 1.2737278024975286E9 1.910346744494286E8 201327.0 527919.0 0.924 0.0 0.0 0.0 0.0 0 0.0 0.0 0.0
5112195.2036374975 0.0 0.0 0.0 18612.404003642194 75358.40648455669 3689.2561983471073 8215.930747152293 8215.930747152293 246.04768809370154 1.3178013953196661E9 4.542394765297933E8 201852.0 529228.0 0.9235 0.0 0.0 0.0 0.0 0 0.0 0.0 0.0
5187963.137364077 0.0 0.0 0.0 75767.93372657984 106852.58786453388 37685.950413223145 6587.801933379561 6587.801933379561 249.36765540225045 1.2768794380294542E9 1.4400087862120956E8 202377.0 530560.0 0.923 0.0 0.0 0.0 0.0 0 0.0 0.0 0.0
5240683.819088396 0.0 0.0 0.0 52720.68172431789 107644.78862855397 45619.834710743795 6308.6462495541 6308.6462495541 249.44091913701598 1.3210426627813373E9 3.962837307454025E7 202902.0 531865.0 0.9225 0.0 0.0 0.0 0.0 0 0.0 0.0 0.0
5297171.822776021 0.0 0.0 0.0 56488.00368762586 107164.38576619554 49586.77685950412 7381.629690480295 7381.629690480295 249.3964908689721 1.3227520592933686E9 2.693438230770694E8 203426.0 533261.0 0.922 0.0 0.0 0.0 0.0 0 0.0 0.0 0.0
5377380.685386343 0.0 0.0 0.0 80208.86261032129 124720.5924567128 55537.19008264461 7115.465837159687 7115.465837159687 250.94956172094354 1.1962230021526277E9 3.384657231699026E8 203951.0 534593.0 0.9215 0.0 0.0 0.0 0.0 0 0.0 0.0 0.0
5408321.423641537 0.0 0.0 0.0 30940.73825519436 107515.88572757298 41652.89256198347 6492.552422350777 6492.552422350777 249.42899803269887 1.32600962960079E9 7.432693713913429E7 204476.0 535914.0 0.921 0.0 0.0 0.0 0.0 0 0.0 0.0 0.0
5451107.084880812 0.0 0.0 0.0 42785.66123927442 107835.93191106508 35702.47933884298 6763.135716939402 6763.135716939402 249.45859631102056 1.2849153912284753E9 1.737815332110133E8 205001.0 537328.0 0.9205 0.0 0.0 0.0 0.0 0 0.0 0.0 0.0
5539124.21001673 0.0 0.0 0.0 88017.12513591784 123703.29347999755 65454.54545454545 6695.218112439929 6695.218112439929 250.86192397312178 1.3293595232545638E9 1.1468869311007032E8 205526.0 538642.0 0.92 0.0 0.0 0.0 0.0 0 0.0 0.0 0.0
5541232.650591693 0.0 0.0 0.0 2108.4405749626785 113758.5586614704 5950.413223140496 6102.762170349331 6102.762170349331 250.0052100845512 1.2881305322843418E9 2.813470044917632E7 206051.0 540039.0 0.9195 0.0 0.0 0.0 0.0 0 0.0 0.0 0.0
5551477.158026369 0.0 0.0 0.0 10244.50743467678 106704.61564499553 6148.760330578512 11149.69012057313 11149.69012057313 249.35397074308662 1.332646204439237E9 1.0721582188398781E9 206575.0 541322.0 0.919 0.0 0.0 0.0 0.0 0 0.0 0.0 0.0
5552006.4132431 0.0 0.0 0.0 529.255216731216 89213.89399401573 6148.760330578512 11871.216537132494 11871.216537132494 247.618213026012 1.3342665581503177E9 1.2261592231467302E9 207100.0 542642.0 0.9185 0.0 0.0 0.0 0.0 0 0.0 0.0 0.0
5551849.417675592 0.0 0.0 0.0 -156.99556750791572 75823.2159016743 5950.413223140496 7283.2693016930225 7283.2693016930225 246.10236512194734 1.292885056803959E9 2.779961105854148E8 207625.0 544034.0 0.918 0.0 0.0 0.0 0.0 0 0.0 0.0 0.0
5567852.741385 0.0 0.0 0.0 16003.323709407387 81351.24174120929 3689.2561983471073 6786.041671525282 6786.041671525282 246.75264459960113 1.3375820470367684E9 1.2605531434263359E8 208150.0 545334.0 0.9175 0.0 0.0 0.0 0.0 0 0.0 0.0 0.0
5721047.932718282 0.0 0.0 0.0 153195.19133328157 159876.79804676832 65454.54545454541 9215.089573177327 9215.089573177327 253.65767463268085 1.2960367155270197E9 6.91506249957746E8 208675.0 546685.0 0.917 0.0 0.0 0.0 0.0 0 0.0 0.0 0.0
5744523.819486741 0.0 0.0 0.0 23475.88676845976 114931.22895287597 61487.603305785095 6933.8525565672135 6933.8525565672135 250.10623268029602 1.340906045566079E9 1.5461168793867645E8 209200.0 548046.0 0.9165 0.0 0.0 0.0 0.0 0 0.0 0.0 0.0
5763427.844468225 0.0 0.0 0.0 18904.02498148421 105878.14843724172 19834.710743801657 8122.394753316763 8122.394753316763 249.27753800399904 1.3425610497663527E9 4.093056495911902E8 209724.0 549393.0 0.916 0.0 0.0 0.0 0.0 0 0.0 0.0 0.0
5784499.167764442 0.0 0.0 0.0 21071.323296216866 104936.15310263034 13884.297520661159 8129.021110167052 8129.021110167052 249.19042107672527 1.2141872530144813E9 5.391086423207769E8 210249.0 550791.0 0.9155 0.0 0.0 0.0 0.0 0 0.0 0.0 0.0
5814409.054344291 0.0 0.0 0.0 29909.88657984924 106058.61086869458 21818.181818181823 6969.246995603141 6969.246995603141 249.2942273993059 1.3459671951018763E9 1.5718453563789088E8 210774.0 552163.0 0.915 0.0 0.0 0.0 0.0 0 0.0 0.0 0.0
5878739.17469908 0.0 0.0 0.0 64330.12035478962 108418.50781187978 55537.19008264461 6433.033328959955 6433.033328959955 249.51247367168037 1.3041493939244714E9 8.334988518444234E7 211299.0 553510.0 0.9145 0.0 0.0 0.0 0.0 0 0.0 0.0 0.0
5887452.154216923 0.0 0.0 0.0 8712.97951784299 104649.46049296836 6148.760330578512 6333.266506175897 6333.266506175897 249.16390737935524 1.3492865193841062E9 1.6694700106900137E7 211824.0 554863.0 0.914 0.0 0.0 0.0 0.0 0 0.0 0.0 0.0
5955119.675394062 0.0 0.0 0.0 67667.52117713958 124395.60699272326 41652.89256198347 6268.482115401199 6268.482115401199 250.92156504072392 1.3073410659540093E9 4.466722802946523E7 212349.0 556197.0 0.9135 0.0 0.0 0.0 0.0 0 0.0 0.0 0.0
5963035.639093669 0.0 0.0 0.0 7915.9636996073295 120048.53251588336 5950.413223140496 6312.6249533067385 6312.6249533067385 250.5470755096385 1.3525634203761504E9 8965756.316462524 212873.0 557543.0 0.913 0.0 0.0 0.0 0.0 0 0.0 0.0 0.0
5960523.459853015 0.0 0.0 0.0 -2512.1792406538193 95671.82452297126 6148.760330578512 15715.76842167977 15715.76842167977 248.2870309551279 1.3541703666221192E9 2.0354619018070865E9 213398.0 558849.0 0.9125 0.0 0.0 0.0 0.0 0 0.0 0.0 0.0
5965225.737460008 0.0 0.0 0.0 4702.277606992671 87393.79534630274 5950.413223140496 7029.893560520707 7029.893560520707 247.4225876339534 1.31209576859154E9 2.0413642680504036E8 213923.0 560204.0 0.912 0.0 0.0 0.0 0.0 0 0.0 0.0 0.0
6119681.792210039 0.0 0.0 0.0 154456.0547500309 164018.54682637032 71404.95867768592 6426.344592277563 6426.344592277563 253.9602349935255 1.3575490289664361E9 2.850759986365782E7 214448.0 561600.0 0.9115 0.0 0.0 0.0 0.0 0 0.0 0.0 0.0
6155843.070981608 0.0 0.0 0.0 36161.278771568745 134253.4211161211 59504.13223140493 6422.27225041332 6422.27225041332 251.72039093529867 1.3153866945221388E9 6.97915972764982E7 214973.0 562972.0 0.911 0.0 0.0 0.0 0.0 0 0.0 0.0 0.0
6204689.358532461 0.0 0.0 0.0 48846.2875508536 115253.45048009527 61487.603305785095 6358.654881094551 6358.654881094551 250.13399125431556 1.360854523480709E9 1.0602550105705958E7 215498.0 564291.0 0.9105 0.0 0.0 0.0 0.0 0 0.0 0.0 0.0
6223830.445647372 0.0 0.0 0.0 19141.087114910373 107555.97957711587 19834.710743801657 7003.8472740880925 7003.8472740880925 249.43270596292572 1.3624692582955298E9 1.481451823350051E8 216022.0 565609.0 0.91 0.0 0.0 0.0 0.0 0 0.0 0.0 0.0
6241597.216812545 0.0 0.0 0.0 17766.77116517363 105831.7925326787 11900.826446280993 7590.131763329784 7590.131763329784 249.27325095095523 1.2320977769324138E9 4.049685666455467E8 216547.0 566942.0 0.9095 0.0 0.0 0.0 0.0 0 0.0 0.0 0.0
6403742.026089916 0.0 0.0 0.0 162144.80927737054 177079.43435251823 83305.78512396695 7591.38233356421 7591.38233356421 254.88278447417753 1.3657405258783872E9 2.715955450928059E8 217072.0 568266.0 0.909 0.0 0.0 0.0 0.0 0 0.0 0.0 0.0
6416926.830574171 0.0 0.0 0.0 13184.804484254742 124597.864581592 59504.13223140493 6162.2420237763035 6162.2420237763035 250.93898902322468 1.3232744028798766E9 5819654.069792181 217597.0 569595.0 0.9085000000000001 0.0 0.0 0.0 0.0 0 0.0 0.0 0.0
6450461.2239769725 0.0 0.0 0.0 33534.39340280182 121085.10310720898 29752.066115702477 7295.088761482367 7295.088761482367 250.63637345858106 1.3690102721540515E9 2.0442015793965504E8 218122.0 570917.0 0.908 0.0 0.0 0.0 0.0 0 0.0 0.0 0.0
6450422.12817077 0.0 0.0 0.0 -39.09580620269612 108509.54732588433 5950.413223140496 6586.046751981475 6586.046751981475 249.52089312178714 1.3264328293437595E9 9.406892360384566E7 218647.0 572250.0 0.9075 0.0 0.0 0.0 0.0 0 0.0 0.0 0.0
6447512.179778504 0.0 0.0 0.0 -2909.948392265065 91481.04480708593 6148.760330578512 7969.793795954813 7969.793795954813 247.8618878769439 1.3722549204159777E9 3.4669826715056306E8 219171.0 573555.0 0.907 0.0 0.0 0.0 0.0 0 0.0 0.0 0.0
6505800.304021628 0.0 0.0 0.0 58288.12424312345 118999.24983349355 23801.652892561982 6968.266324153836 6968.266324153836 250.45668244602805 1.373886900794863E9 1.2905331527450855E8 219696.0 574876.0 0.9065000000000001 0.0 0.0 0.0 0.0 0 0.0 0.0 0.0
6505079.529552062 0.0 0.0 0.0 -720.7744695654497 104159.26206186725 5950.413223140496 8168.80007892035 8168.80007892035 249.11857320464878 1.331168211525867E9 4.307073518517285E8 220221.0 576213.0 0.906 0.0 0.0 0.0 0.0 0 0.0 0.0 0.0
6509295.194759043 0.0 0.0 0.0 4215.665206980503 94418.01581317792 3689.2561983471073 10267.655257322729 10267.655257322729 248.16284229528307 1.3772071600962698E9 8.373568782298509E8 220746.0 577571.0 0.9055 0.0 0.0 0.0 0.0 0 0.0 0.0 0.0
6566225.873199345 0.0 0.0 0.0 56930.67844030203 106848.80052226274 37685.950413223145 6813.943317994131 6813.943317994131 249.36730514401765 1.334363415551451E9 1.3529187117628863E8 221271.0 578887.0 0.905 0.0 0.0 0.0 0.0 0 0.0 0.0 0.0
6625132.074562076 0.0 0.0 0.0 58906.20136273055 107762.53853970364 51570.24793388428 6422.215411405479 6422.215411405479 249.45180879864085 1.3804578659755106E9 4708166.5859518815 221796.0 580197.0 0.9045 0.0 0.0 0.0 0.0 0 0.0 0.0 0.0
6628466.9969750205 0.0 0.0 0.0 3334.922412944611 100429.25842718736 3689.2561983471073 6978.946327113781 6978.946327113781 248.7582506366073 1.3821003841203315E9 1.2314333259359568E8 222320.0 581530.0 0.904 0.0 0.0 0.0 0.0 0 0.0 0.0 0.0
6678126.081876354 0.0 0.0 0.0 49659.084901334165 107789.5495104236 35702.47933884298 6596.314479254996 6596.314479254996 249.45430680758565 1.2498491846451335E9 1.7286714787223047E8 222845.0 582880.0 0.9035 0.0 0.0 0.0 0.0 0 0.0 0.0 0.0
6736990.991645666 0.0 0.0 0.0 58864.909769311795 103894.25942959134 53553.719008264445 9206.480841879718 9206.480841879718 249.09406542398884 1.3854236303516748E9 6.002625736580559E8 223370.0 584233.0 0.903 0.0 0.0 0.0 0.0 0 0.0 0.0 0.0
6755292.70805497 0.0 0.0 0.0 18301.716409304012 106633.19317699566 7933.884297520661 7628.898364379032 7628.898364379032 249.34736550235786 1.342353940682677E9 3.0307371990801084E8 223895.0 585594.0 0.9025000000000001 0.0 0.0 0.0 0.0 0 0.0 0.0 0.0
6759345.816537463 0.0 0.0 0.0 4053.1084824926825 92536.13174510688 6148.760330578512 12001.40958380295 12001.40958380295 247.9752893105231 1.388783800284438E9 1.1997224757277513E9 224420.0 586967.0 0.902 0.0 0.0 0.0 0.0 0 0.0 0.0 0.0
6762297.004317742 0.0 0.0 0.0 2951.187780278585 81764.1415800442 5950.413223140496 7772.764722200763 7772.764722200763 246.8012153370244 1.345536200749359E9 3.3092106244976395E8 224944.0 588269.0 0.9015 0.0 0.0 0.0 0.0 0 0.0 0.0 0.0
6761560.236211747 0.0 0.0 0.0 -736.7681059946735 64018.66719082843 6148.760330578512 10859.945952642582 10859.945952642582 244.5749638872151 1.3919668123067749E9 9.503445686432171E8 225469.0 589556.0 0.901 0.0 0.0 0.0 0.0 0 0.0 0.0 0.0
6772016.941580508 0.0 0.0 0.0 10456.705368761235 57946.54173804568 6148.760330578512 10380.070490965472 10380.070490965472 243.6968944289086 1.3936110696328905E9 8.451990821007109E8 225994.0 590891.0 0.9005000000000001 0.0 0.0 0.0 0.0 0 0.0 0.0 0.0
6771588.343096951 0.0 0.0 0.0 -428.5984835567902 43974.226220484496 5950.413223140496 7593.303810863904 7593.303810863904 241.33511185497386 1.3502826123523967E9 2.874678896079733E8 226519.0 592254.0 0.9 0.0 0.0 0.0 0.0 0 0.0 0.0 0.0
6817308.253287489 0.0 0.0 0.0 45719.910190537965 79250.2342636498 3689.2561983471073 6754.645949025538 6754.645949025538 246.50549632556755 1.3968738390017645E9 5.999198240120098E7 227044.0 593540.0 0.8995 0.0 0.0 0.0 0.0 0 0.0 0.0 0.0
6832246.3143647555 0.0 0.0 0.0 14938.06107726695 83831.89848719082 3570.2479338842977 6786.148919841639 6786.148919841639 247.03975263189926 1.3533998923465195E9 1.1026060072381717E8 227569.0 594875.0 0.899 0.0 0.0 0.0 0.0 0 0.0 0.0 0.0
6839430.87626159 0.0 0.0 0.0 7184.56189683497 79800.9215297432 3689.2561983471073 7526.282655935493 7526.282655935493 246.57027544168253 1.40016966719849E9 2.2312547608498773E8 228093.0 596225.0 0.8985000000000001 0.0 0.0 0.0 0.0 0 0.0 0.0 0.0
6973108.285692184 0.0 0.0 0.0 133677.40943059462 144495.20824743065 61487.603305785095 7495.519407122379 7495.519407122379 252.51490548389637 1.4018587765863326E9 2.1480124087624574E8 228618.0 597597.0 0.898 0.0 0.0 0.0 0.0 0 0.0 0.0 0.0
7002894.815823317 0.0 0.0 0.0 29786.530131131967 111710.9149841314 55537.19008264461 7033.633311786768 7033.633311786768 249.81695967669762 1.267632542205152E9 2.494062559123637E8 229143.0 598893.0 0.8975 0.0 0.0 0.0 0.0 0 0.0 0.0 0.0
7036157.636001726 0.0 0.0 0.0 33262.82017840907 105867.21070839927 31735.537190082654 7370.987264058603 7370.987264058603 249.27652646891698 1.4050948728633642E9 1.8470561350406092E8 229668.0 600230.0 0.897 0.0 0.0 0.0 0.0 0 0.0 0.0 0.0
7043925.011527552 0.0 0.0 0.0 7767.375525826955 102592.95685770936 3570.2479338842977 7471.381442632575 7471.381442632575 248.972563080201 1.3613209410353708E9 2.501329152553294E8 230193.0 601532.0 0.8965000000000001 0.0 0.0 0.0 0.0 0 0.0 0.0 0.0
7045957.541065594 0.0 0.0 0.0 2032.5295380421458 80965.70650188046 6148.760330578512 17511.01956329253 17511.01956329253 246.70729284812145 1.4083008715037177E9 2.3685374842264433E9 230718.0 602837.0 0.896 0.0 0.0 0.0 0.0 0 0.0 0.0 0.0
7045018.935437497 0.0 0.0 0.0 -938.6056280971436 66364.48049945997 5950.413223140496 7712.207151182854 7712.207151182854 244.90355518972686 1.3644355416812513E9 2.989604513771838E8 231242.0 604150.0 0.8955 0.0 0.0 0.0 0.0 0 0.0 0.0 0.0
7050305.561821441 0.0 0.0 0.0 5286.626383944767 57204.69745360364 6148.760330578512 8297.649099222572 8297.649099222572 243.58260629388442 1.4115016058953328E9 3.78164567858929E8 231767.0 605440.0 0.895 0.0 0.0 0.0 0.0 0 0.0 0.0 0.0
7055706.913527069 0.0 0.0 0.0 5401.3517056272685 46854.951891175675 6148.760330578512 9602.336937476724 9602.336937476724 241.8710608169629 1.4132038277578216E9 6.578620127579066E8 232292.0 606827.0 0.8945000000000001 0.0 0.0 0.0 0.0 0 0.0 0.0 0.0
7072622.245149873 0.0 0.0 0.0 16915.33162280417 50591.829496951046 5950.413223140496 7228.040793888298 7228.040793888298 242.5180986377789 1.3692242929946766E9 1.897449953707239E8 232817.0 608178.0 0.894 0.0 0.0 0.0 0.0 0 0.0 0.0 0.0
7089611.464603564 0.0 0.0 0.0 16989.219453690766 54400.37251605692 3689.2561983471073 9491.420236237778 9491.420236237778 243.15057348883946 1.4164722151857588E9 6.306707206692022E8 233342.0 609486.0 0.8935000000000001 0.0 0.0 0.0 0.0 0 0.0 0.0 0.0
7111357.968867565 0.0 0.0 0.0 21746.50426400083 65281.53648531814 3570.2479338842977 7295.092360855317 7295.092360855317 244.75186111294553 1.372369505625374E9 2.0106170079354703E8 233867.0 610824.0 0.893 0.0 0.0 0.0 0.0 0 0.0 0.0 0.0
7120619.582341404 0.0 0.0 0.0 9261.613473839529 62940.79200820834 3689.2561983471073 7913.101752602227 7913.101752602227 244.4239798302575 1.4197313738520434E9 2.8699427419158953E8 234391.0 612141.0 0.8925000000000001 0.0 0.0 0.0 0.0 0 0.0 0.0 0.0
7304998.073194572 0.0 0.0 0.0 184378.4908531683 166768.6238245096 73388.42975206609 7162.229284801141 7162.229284801141 254.15528778836588 1.421379688802107E9 1.2339514156275938E8 234916.0 613479.0 0.892 0.0 0.0 0.0 0.0 0 0.0 0.0 0.0
7328525.933169175 0.0 0.0 0.0 23527.859974603103 127985.95802465407 55537.19008264461 6773.33569181428 6773.33569181428 251.21531694936368 1.2853598693890548E9 1.7553702154521656E8 235441.0 614865.0 0.8915000000000001 0.0 0.0 0.0 0.0 0 0.0 0.0 0.0
7329465.335875886 0.0 0.0 0.0 939.40270671054 104166.39053597268 15867.768595041325 8891.201600350576 8891.201600350576 249.11923245500535 1.424699043187971E9 4.9298662391107863E8 235966.0 616183.0 0.891 0.0 0.0 0.0 0.0 0 0.0 0.0 0.0
7337919.358072268 0.0 0.0 0.0 8454.022196382315 100461.99667463367 3570.2479338842977 8588.168123837027 8588.168123837027 248.76149333148115 1.3804113864715056E9 4.719149534293241E8 236491.0 617586.0 0.8905000000000001 0.0 0.0 0.0 0.0 0 0.0 0.0 0.0
7377394.837353482 0.0 0.0 0.0 39475.479281214386 120825.17714347734 11900.826446280991 7211.472366089734 7211.472366089734 250.61398149065104 1.428060666421847E9 1.2733508510075802E8 237016.0 618915.0 0.89 0.0 0.0 0.0 0.0 0 0.0 0.0 0.0
7377132.470899103 0.0 0.0 0.0 -262.36645437856214 107025.67088072372 5950.413223140496 7586.72658523457 7586.72658523457 249.3836623398431 1.3836206441012342E9 2.527112586748938E8 237540.0 620288.0 0.8895000000000001 0.0 0.0 0.0 0.0 0 0.0 0.0 0.0
7391450.321234762 0.0 0.0 0.0 14317.850335658275 106988.75005099656 6148.760330578512 8206.010834806917 8206.010834806917 249.38024785452663 1.4313714225788984E9 3.385298876489048E8 238065.0 621613.0 0.889 0.0 0.0 0.0 0.0 0 0.0 0.0 0.0
7389731.448167899 0.0 0.0 0.0 -1718.8730668627452 91696.07579643272 6148.760330578512 7425.040857122584 7425.040857122584 247.88499954819784 1.432984301317771E9 1.6847465432589582E8 238590.0 622928.0 0.8885000000000001 0.0 0.0 0.0 0.0 0 0.0 0.0 0.0
7389701.673069116 0.0 0.0 0.0 -29.77509878321731 78343.56255603246 5950.413223140496 7372.32491847656 7372.32491847656 246.39884161346106 1.3883243556445231E9 2.0176464073910782E8 239115.0 624241.0 0.888 0.0 0.0 0.0 0.0 0 0.0 0.0 0.0
7394024.456291205 0.0 0.0 0.0 4322.783222089708 69573.506239617 3689.2561983471073 9403.583340158055 9403.583340158055 245.3225215917616 1.4363380548170578E9 5.918599100190864E8 239640.0 625654.0 0.8875000000000001 0.0 0.0 0.0 0.0 0 0.0 0.0 0.0
7400951.453239044 0.0 0.0 0.0 6926.996947838557 65456.33517828187 3570.2479338842977 7473.920075289391 7473.920075289391 244.77634615188148 1.3916631305421684E9 2.2033826697850803E8 240165.0 627045.0 0.887 0.0 0.0 0.0 0.0 0 0.0 0.0 0.0
7421334.619936371 0.0 0.0 0.0 20383.1666973273 71908.67376860953 3689.2561983471073 10241.571908652528 10241.571908652528 245.6113274176084 1.4396616507229278E9 7.692766391246774E8 240689.0 628356.0 0.8865000000000001 0.0 0.0 0.0 0.0 0 0.0 0.0 0.0
7435507.232191461 0.0 0.0 0.0 14172.612255090246 75256.60084622123 3689.2561983471073 7135.428979131442 7135.428979131442 246.03571236868854 1.4413345812813854E9 9.765986479348566E7 241214.0 629717.0 0.886 0.0 0.0 0.0 0.0 0 0.0 0.0 0.0
7569863.003320576 0.0 0.0 0.0 134355.77112911415 147180.71753121619 55537.19008264461 6894.464361474838 6894.464361474838 252.7193132540125 1.3033081796112626E9 1.8371416928983772E8 241739.0 631025.0 0.8855000000000001 0.0 0.0 0.0 0.0 0 0.0 0.0 0.0
7583577.858152959 0.0 0.0 0.0 13714.854832383306 105009.71979154367 47603.30578512396 8282.54678693197 8282.54678693197 249.1972246177327 1.4445854255530488E9 3.418234283113928E8 242264.0 632358.0 0.885 0.0 0.0 0.0 0.0 0 0.0 0.0 0.0
7591304.90951479 0.0 0.0 0.0 7727.051361831679 100615.3133770123 3570.2479338842977 8551.20984247875 8551.20984247875 248.77667921721596 1.399564391669744E9 4.447906559780654E8 242789.0 633683.0 0.8845000000000001 0.0 0.0 0.0 0.0 0 0.0 0.0 0.0
7594297.297908109 0.0 0.0 0.0 2992.3883933179436 89468.82314476292 6148.760330578512 7990.118294988805 7990.118294988805 247.64561297772602 1.447823405175602E9 2.755134419048549E8 243314.0 634993.0 0.884 0.0 0.0 0.0 0.0 0 0.0 0.0 0.0
7597513.162565212 0.0 0.0 0.0 3215.86465710352 79752.25465597257 5950.413223140496 6982.0199227533685 6982.0199227533685 246.564550600632 1.4027152257848318E9 1.0319141485623774E8 243838.0 636341.0 0.8835 0.0 0.0 0.0 0.0 0 0.0 0.0 0.0
7599063.857818261 0.0 0.0 0.0 1550.695253049418 68407.79956384294 6148.760330578512 6746.390014600534 6746.390014600534 245.1733588693337 1.451136770669895E9 3948381.7288793228 244363.0 637692.0 0.883 0.0 0.0 0.0 0.0 0 0.0 0.0 0.0
7612528.398881277 0.0 0.0 0.0 13464.541063016319 68033.58877431 6148.760330578512 7689.991521970751 7689.991521970751 245.12547521104415 1.452777273677214E9 2.0582717425164685E8 244888.0 639036.0 0.8825000000000001 0.0 0.0 0.0 0.0 0 0.0 0.0 0.0
7618004.199672199 0.0 0.0 0.0 5475.800790921904 60768.83230990323 5950.413223140496 6790.144032188179 6790.144032188179 244.11974118362562 1.4075728766564033E9 5.6949296311345026E7 245413.0 640439.0 0.882 0.0 0.0 0.0 0.0 0 0.0 0.0 0.0
7669634.80706466 0.0 0.0 0.0 51630.60739246129 101841.88070443302 3689.2561983471073 6868.302799584389 6868.302799584389 248.89816964188125 1.4561435097375815E9 2.5236221382476054E7 245938.0 641779.0 0.8815000000000001 0.0 0.0 0.0 0.0 0 0.0 0.0 0.0
7709305.554845232 0.0 0.0 0.0 39670.74778057125 106332.73377940655 27768.59504132232 7411.299664275422 7411.299664275422 249.31957863492153 1.4107328422907593E9 1.8776236449812612E8 246463.0 643096.0 0.881 0.0 0.0 0.0 0.0 0 0.0 0.0 0.0
7731267.761116681 0.0 0.0 0.0 21962.206271449148 106863.60827809783 13884.297520661159 7547.034252096681 7547.034252096681 249.36867458412078 1.4593623352486534E9 1.684085853626457E8 246987.0 644405.0 0.8805000000000001 0.0 0.0 0.0 0.0 0 0.0 0.0 0.0
7744885.022784428 0.0 0.0 0.0 13617.261667747249 106827.09247792263 5950.413223140496 7703.364244781943 7703.364244781943 249.36529755645267 1.4609894300693576E9 2.0049929380124402E8 247512.0 645725.0 0.88 0.0 0.0 0.0 0.0 0 0.0 0.0 0.0
7838897.036541143 0.0 0.0 0.0 94012.0137567157 138794.63219772096 55537.19008264461 6507.283954273033 6507.283954273033 252.08100564756592 1.3210985159741783E9 8.241539943896517E7 248037.0 647073.0 0.8795000000000001 0.0 0.0 0.0 0.0 0 0.0 0.0 0.0
7875368.824525406 0.0 0.0 0.0 36471.787984262555 105788.29407670179 61487.603305785095 7990.522799496773 7990.522799496773 249.26922815839285 1.4643706620047748E9 2.5905343003372023E8 248609.0 648481.0 0.879 0.0 0.0 0.0 0.0 0 0.0 0.0 0.0
7884487.538228607 0.0 0.0 0.0 9118.713703201496 105444.13339666463 1983.4710743801652 7479.4033088584765 7479.4033088584765 249.237399740744 1.4188828591891067E9 1.9430118145512E8 249181.0 649962.0 0.8785000000000001 0.0 0.0 0.0 0.0 0 0.0 0.0 0.0
7918816.64928559 0.0 0.0 0.0 34329.111056983915 120498.51487687859 11900.826446280991 7373.903130488971 7373.903130488971 250.58584035810463 1.4680125105875678E9 1.2241688012073494E8 249753.0 651450.0 0.878 0.0 0.0 0.0 0.0 0 0.0 0.0 0.0
7920802.703327923 0.0 0.0 0.0 1986.0540423328787 107852.93292989382 5950.413223140496 8681.222766177145 8681.222766177145 249.46016858687634 1.422359600859754E9 4.500370919433028E8 250325.0 652888.0 0.8775000000000001 0.0 0.0 0.0 0.0 0 0.0 0.0 0.0
7947871.886563522 0.0 0.0 0.0 27069.183235598975 121365.111535492 5950.413223140496 7606.591406860298 7606.591406860298 250.6604954803146 1.4715266348122473E9 1.6908978263782626E8 250897.0 654318.0 0.877 0.0 0.0 0.0 0.0 0 0.0 0.0 0.0
7954524.69097638 0.0 0.0 0.0 6652.80441285871 114600.69084718829 6148.760330578512 7268.4647705839025 7268.4647705839025 250.07775765396178 1.473322055267033E9 9.436601872590914E7 251469.0 655783.0 0.8765000000000001 0.0 0.0 0.0 0.0 0 0.0 0.0 0.0
7964692.804837748 0.0 0.0 0.0 10168.113861367863 111892.8051816152 5950.413223140496 6925.586303800457 6925.586303800457 249.8337811136239 1.4274616913917003E9 6.627314761108255E7 252040.0 657181.0 0.876 0.0 0.0 0.0 0.0 0 0.0 0.0 0.0
7992475.6919978615 0.0 0.0 0.0 27782.887160113096 101571.81649933191 25785.123966942156 12318.751875454262 12318.751875454262 248.87142001776266 1.4767982342364657E9 1.180153544602892E9 252612.0 658610.0 0.8755000000000001 0.0 0.0 0.0 0.0 0 0.0 0.0 0.0
8001410.195611188 0.0 0.0 0.0 8934.50361332713 97137.003988483 3570.2479338842977 9799.068190291737 9799.068190291737 248.43215570408904 1.430905608907086E9 6.825919209082166E8 253184.0 660074.0 0.875 0.0 0.0 0.0 0.0 0 0.0 0.0 0.0
8049063.340186389 0.0 0.0 0.0 47653.144575200946 105298.20329497759 31735.537190082654 7756.40807862375 7756.40807862375 249.22390393923772 1.4803572298975148E9 1.9257217482495755E8 253756.0 661502.0 0.8745 0.0 0.0 0.0 0.0 0 0.0 0.0 0.0
8063298.799354856 0.0 0.0 0.0 14235.459168466472 104596.72608905646 5950.413223140496 8986.52315124709 8986.52315124709 249.15903043457473 1.4821885136485891E9 4.560564411724916E8 254328.0 662989.0 0.874 0.0 0.0 0.0 0.0 0 0.0 0.0 0.0
8143385.721292053 0.0 0.0 0.0 80086.92193719704 122533.37383100908 55537.19008264461 6613.084112600063 6613.084112600063 250.76113833830195 1.3403219899284823E9 8.601127615410995E7 254900.0 664404.0 0.8735 0.0 0.0 0.0 0.0 0 0.0 0.0 0.0
8153331.18789426 0.0 0.0 0.0 9945.46660220645 102429.4604031368 17851.23966942149 12198.14036065721 12198.14036065721 248.9563688988844 1.4856849709215748E9 1.1452528917339413E9 255472.0 665835.0 0.873 0.0 0.0 0.0 0.0 0 0.0 0.0 0.0
8162766.205908894 0.0 0.0 0.0 9435.018014634103 100380.35917950033 3570.2479338842977 7913.871304386286 7913.871304386286 248.75340720874607 1.4394116298599343E9 2.6747999782095054E8 256044.0 667225.0 0.8725 0.0 0.0 0.0 0.0 0 0.0 0.0 0.0
8182188.706737403 0.0 0.0 0.0 19422.50082850964 105144.46526485638 6148.760330578512 8509.634412575075 8509.634412575075 249.209686050574 1.489125077898523E9 3.4626283464177597E8 256616.0 668634.0 0.872 0.0 0.0 0.0 0.0 0 0.0 0.0 0.0
8190660.967631216 0.0 0.0 0.0 8472.260893813547 100849.42308315895 5950.413223140496 6816.889852370482 6816.889852370482 248.7998675795522 1.4428884754580274E9 2.7402330179268815E7 257188.0 670147.0 0.8715 0.0 0.0 0.0 0.0 0 0.0 0.0 0.0
8192252.368761449 0.0 0.0 0.0 1591.4011302331246 88099.14658728354 6148.760330578512 8192.917295530013 8192.917295530013 247.49839924626866 1.4927345354416482E9 2.7434271413174194E8 257760.0 671575.0 0.871 0.0 0.0 0.0 0.0 0 0.0 0.0 0.0
8188872.604978453 0.0 0.0 0.0 -3379.763782995637 70666.27270268067 6148.760330578512 7904.349771028716 7904.349771028716 245.46235095363798 1.4945344262901857E9 2.1030356355159456E8 258332.0 673045.0 0.8705 0.0 0.0 0.0 0.0 0 0.0 0.0 0.0
8193579.780143002 0.0 0.0 0.0 4707.1751645489785 62109.13860151286 5950.413223140496 7313.896042576285 7313.896042576285 244.30748544635284 1.4480682970904014E9 1.2941855360967466E8 258904.0 674505.0 0.87 0.0 0.0 0.0 0.0 0 0.0 0.0 0.0
8196290.508027648 0.0 0.0 0.0 2710.7278846458994 52669.70839815042 3689.2561983471073 8460.901889661234 8460.901889661234 242.87178015287668 1.498138759592079E9 3.2673835081710154E8 259475.0 675966.0 0.8695 0.0 0.0 0.0 0.0 0 0.0 0.0 0.0
8220621.423958878 0.0 0.0 0.0 24330.91593123039 66580.43868633943 3570.2479338842977 6849.937709157079 6849.937709157079 244.93380567114994 1.4515682586617224E9 2.5850425089483034E7 260047.0 677442.0 0.869 0.0 0.0 0.0 0.0 0 0.0 0.0 0.0
8332191.328713477 0.0 0.0 0.0 111569.90475459825 108883.77901696242 61487.603305785095 7778.961118190352 7778.961118190352 249.55550254480372 1.5017910356792479E9 1.7600268802416006E8 260619.0 678937.0 0.8685 0.0 0.0 0.0 0.0 0 0.0 0.0 0.0
8368679.700362461 0.0 0.0 0.0 36488.37164898409 106555.11733585446 31735.537190082654 7081.49614000943 7081.49614000943 249.34014494921433 1.5035699954234357E9 2.379202600987327E7 261191.0 680382.0 0.868 0.0 0.0 0.0 0.0 0 0.0 0.0 0.0
8422652.29768008 0.0 0.0 0.0 53972.59731761981 106364.19768922371 47603.30578512396 6560.211179126694 6560.211179126694 249.32248845734057 1.3596148530981655E9 5.5314592527625844E7 261763.0 681773.0 0.8675 0.0 0.0 0.0 0.0 0 0.0 0.0 0.0
8590264.574768892 0.0 0.0 0.0 167612.27708881252 179354.97129903286 87272.72727272731 7348.776206276239 7348.776206276239 255.04125229145984 1.5070296259860616E9 7.798030123684771E7 262335.0 683185.0 0.867 0.0 0.0 0.0 0.0 0 0.0 0.0 0.0
8607793.231640449 0.0 0.0 0.0 17528.656871557116 129834.46831155196 59504.13223140493 7545.027627633363 7545.027627633363 251.36428223962866 1.4601883016379416E9 1.6714982314228004E8 262907.0 684676.0 0.8665 0.0 0.0 0.0 0.0 0 0.0 0.0 0.0
8611096.487262959 0.0 0.0 0.0 3303.255622509962 118873.54552867761 5950.413223140496 8313.765182243798 8313.765182243798 250.44585333637815 1.510680040593571E9 2.824621066921753E8 263479.0 686152.0 0.8660000000000001 0.0 0.0 0.0 0.0 0 0.0 0.0 0.0
8612047.551671272 0.0 0.0 0.0 951.0644083131685 106424.27614405012 5950.413223140496 7449.920569800155 7449.920569800155 249.3280445892953 1.4636722366958997E9 1.431528629799305E8 264051.0 687605.0 0.8655 0.0 0.0 0.0 0.0 0 0.0 0.0 0.0
8612513.781346226 0.0 0.0 0.0 466.22967495488706 84768.1412296868 6148.760330578512 15973.6042587397 15973.6042587397 247.14038061368086 1.5142151157053206E9 1.9310280939010236E9 264623.0 689035.0 0.865 0.0 0.0 0.0 0.0 0 0.0 0.0 0.0
8629436.485039067 0.0 0.0 0.0 16922.703692840125 81848.33344409717 6148.760330578512 13693.751147851224 13693.751147851224 246.81111909705885 1.5159822236789362E9 1.4375342396040163E9 265195.0 690470.0 0.8645 0.0 0.0 0.0 0.0 0 0.0 0.0 0.0
8631480.643715143 0.0 0.0 0.0 2044.1586760771918 70987.53902236918 5950.413223140496 6954.539874664676 6954.539874664676 245.5034598876992 1.468827190584168E9 3.1152456526713315E7 265767.0 691932.0 0.8640000000000001 0.0 0.0 0.0 0.0 0 0.0 0.0 0.0
8639355.019832734 0.0 0.0 0.0 7874.376117590957 65909.42211798592 3689.2561983471073 9263.236823627112 9263.236823627112 244.8398125953195 1.5195639932821002E9 4.7836354070704377E8 266339.0 693377.0 0.8635 0.0 0.0 0.0 0.0 0 0.0 0.0 0.0
8641708.073348334 0.0 0.0 0.0 2353.0535156003352 55074.48150162755 3570.2479338842977 9617.746198074401 9617.746198074401 243.25442635982554 1.472245513016976E9 6.021438510815609E8 266910.0 694808.0 0.863 0.0 0.0 0.0 0.0 0 0.0 0.0 0.0
8692977.600640854 0.0 0.0 0.0 51269.5272925207 93992.68021367354 3689.2561983471073 8662.07238212761 8662.07238212761 248.12071317488844 1.5230879023861475E9 3.451783681587429E8 267482.0 696242.0 0.8625 0.0 0.0 0.0 0.0 0 0.0 0.0 0.0
8809671.380287964 0.0 0.0 0.0 116693.77964711004 140856.03343981522 61487.603305785095 8342.82311518357 8342.82311518357 252.23790938040915 1.5248897056779425E9 2.7451975889738494E8 268054.0 697701.0 0.862 0.0 0.0 0.0 0.0 0 0.0 0.0 0.0
8897563.878911939 0.0 0.0 0.0 87892.4986239751 163113.2700477032 57520.66115702477 8114.600859062562 8114.600859062562 253.8941032981009 1.3788963418189003E9 3.7128934298335356E8 268626.0 699125.0 0.8615 0.0 0.0 0.0 0.0 0 0.0 0.0 0.0
8933450.68083695 0.0 0.0 0.0 35886.80192501042 129641.07640980626 61487.603305785095 7871.392257122559 7871.392257122559 251.34869743007545 1.528412821981141E9 1.6931677521888068E8 269198.0 700567.0 0.861 0.0 0.0 0.0 0.0 0 0.0 0.0 0.0
9022882.189140579 0.0 0.0 0.0 89431.50830363014 152273.8616974222 59504.13223140493 7294.590784609546 7294.590784609546 253.10226982960202 1.4808675571335754E9 9.245546755418217E7 269770.0 702046.0 0.8605 0.0 0.0 0.0 0.0 0 0.0 0.0 0.0
9104981.637801552 0.0 0.0 0.0 82099.44866097378 120824.4617671296 105123.96694214875 8424.881649117659 8424.881649117659 250.61391986277823 1.5320601772124104E9 2.8504796088958997E8 270342.0 703530.0 0.86 0.0 0.0 0.0 0.0 0 0.0 0.0 0.0
9107001.121421162 0.0 0.0 0.0 2019.4836196099563 102998.55384420672 5950.413223140496 13894.97831939233 13894.97831939233 249.0112294316292 1.48434739682128E9 1.5125704513442879E9 270914.0 704969.0 0.8595 0.0 0.0 0.0 0.0 0 0.0 0.0 0.0
9134113.331546571 0.0 0.0 0.0 27112.21012540934 116560.68393245978 6148.760330578512 7401.3197065777595 7401.3197065777595 250.24660612788247 1.5356478743998547E9 6.06948199716165E7 271486.0 706451.0 0.859 0.0 0.0 0.0 0.0 0 0.0 0.0 0.0
9138947.241339093 0.0 0.0 0.0 4833.909792521295 106066.51719120548 6148.760330578512 9179.31620319708 9179.31620319708 249.29495858607282 1.5373878511601486E9 4.4243938792983294E8 272058.0 707865.0 0.8585 0.0 0.0 0.0 0.0 0 0.0 0.0 0.0
9168653.03400517 0.0 0.0 0.0 29705.792666078512 120479.02728920012 5950.413223140496 9342.86934494336 9342.86934494336 250.5841615514473 1.4895608750148263E9 5.2554208155679184E8 272630.0 709346.0 0.8580000000000001 0.0 0.0 0.0 0.0 0 0.0 0.0 0.0
9294019.129775342 0.0 0.0 0.0 125366.09577017168 164746.6850190606 73388.42975206609 7710.008288245294 7710.008288245294 254.0126264742158 1.541040987174064E9 1.2188074738411698E8 273202.0 710825.0 0.8575 0.0 0.0 0.0 0.0 0 0.0 0.0 0.0
9298622.752690952 0.0 0.0 0.0 4603.6229156114 106203.85533649678 55537.19008264461 7609.262515530725 7609.262515530725 249.30765979251797 1.4930969907794604E9 1.4809554079335868E8 273773.0 712307.0 0.857 0.0 0.0 0.0 0.0 0 0.0 0.0 0.0
9335284.324958967 0.0 0.0 0.0 36661.57226801462 105481.77967550646 29752.066115702488 7631.581813302475 7631.581813302475 249.24088131651777 1.5446592865225582E9 1.0134714977984414E8 274345.0 713765.0 0.8565 0.0 0.0 0.0 0.0 0 0.0 0.0 0.0
9374639.230771944 0.0 0.0 0.0 39354.905812977486 104924.46242764432 31735.537190082654 8176.685870757002 8176.685870757002 249.1893399082257 1.5465113297080433E9 2.1706506901912472E8 274917.0 715271.0 0.8560000000000001 0.0 0.0 0.0 0.0 0 0.0 0.0 0.0
9425544.74363469 0.0 0.0 0.0 50905.512862746575 105802.62407384937 41652.89256198347 8374.45865455814 8374.45865455814 249.27055341476458 1.3983927668067873E9 4.0783996228878355E8 275489.0 716663.0 0.8555 0.0 0.0 0.0 0.0 0 0.0 0.0 0.0
9438561.555003967 0.0 0.0 0.0 13016.811369278164 106713.13903956524 3966.9421487603304 8139.3542548019495 8139.3542548019495 249.3547589974628 1.5500197273527765E9 2.0550485700015622E8 276061.0 718128.0 0.855 0.0 0.0 0.0 0.0 0 0.0 0.0 0.0
9451860.708427243 0.0 0.0 0.0 13299.153423276366 105532.485817775 5950.413223140496 8529.393421926095 8529.393421926095 249.24557068508045 1.5017745709187665E9 3.3787503432915896E8 276633.0 719603.0 0.8545 0.0 0.0 0.0 0.0 0 0.0 0.0 0.0
9482348.488908 0.0 0.0 0.0 30487.780480757694 121605.03810904041 5950.413223140496 8464.81496635179 8464.81496635179 250.68116455108895 1.553679805935306E9 2.720412906323389E8 277205.0 721102.0 0.8540000000000001 0.0 0.0 0.0 0.0 0 0.0 0.0 0.0
9493966.833371462 0.0 0.0 0.0 11618.344463461683 119230.43548924709 5950.413223140496 8042.533860114519 8042.533860114519 250.47659850872216 1.5053209959731977E9 2.293210247494704E8 277777.0 722587.0 0.8535 0.0 0.0 0.0 0.0 0 0.0 0.0 0.0
9495605.360496197 0.0 0.0 0.0 1638.5271247353248 106188.92555422623 6148.760330578512 8531.276729177664 8531.276729177664 249.30627906725482 1.5573283601965206E9 2.827274433912012E8 278349.0 724074.0 0.853 0.0 0.0 0.0 0.0 0 0.0 0.0 0.0
9510305.200892065 0.0 0.0 0.0 14699.840395867292 104142.53565168811 6148.760330578512 10597.469967826886 10597.469967826886 249.11702632495036 1.559111119401023E9 7.265885169668683E8 278921.0 725524.0 0.8525 0.0 0.0 0.0 0.0 0 0.0 0.0 0.0
9512497.166775981 0.0 0.0 0.0 2191.965883916365 92657.8518085982 5950.413223140496 7726.236503865776 7726.236503865776 247.98837186248906 1.5105516842536685E9 1.5587020898893133E8 279493.0 726985.0 0.8520000000000001 0.0 0.0 0.0 0.0 0 0.0 0.0 0.0
9524664.212445464 0.0 0.0 0.0 12167.045669482573 93772.60927443627 3689.2561983471073 7363.032005297393 7363.032005297393 248.0989153401779 1.562676047995068E9 2.5408620155032128E7 280065.0 728436.0 0.8515 0.0 0.0 0.0 0.0 0 0.0 0.0 0.0
9546756.693430824 0.0 0.0 0.0 22092.48098536011 106524.14043925705 1983.4710743801652 7357.478746159155 7357.478746159155 249.3372801663976 1.5140118018363295E9 7.28751198272477E7 280637.0 729901.0 0.851 0.0 0.0 0.0 0.0 0 0.0 0.0 0.0
9556022.573752936 0.0 0.0 0.0 9265.880322111687 106338.44473103671 1983.4710743801652 7468.10495595186 7468.10495595186 249.3201067909957 1.566224130189271E9 4.452304191959398E7 281208.0 731320.0 0.8505 0.0 0.0 0.0 0.0 0 0.0 0.0 0.0
9661305.484015318 0.0 0.0 0.0 105282.91026238257 141413.7721033995 61487.603305785095 8719.979584234985 8719.979584234985 252.28036170675898 1.5680193667145958E9 3.127365330721548E8 281780.0 732779.0 0.8500000000000001 0.0 0.0 0.0 0.0 0 0.0 0.0 0.0
9669948.452057388 0.0 0.0 0.0 8642.968042069555 106936.4862401177 35702.47933884298 7417.774566508442 7417.774566508442 249.37541443078865 1.4179514560171387E9 1.819402804798355E8 282352.0 734293.0 0.8495 0.0 0.0 0.0 0.0 0 0.0 0.0 0.0
9705177.845806789 0.0 0.0 0.0 35229.393749400886 107090.5994828711 27768.59504132232 7306.685465325177 7306.685465325177 249.3896670195941 1.5716272452823515E9 4304402.728121689 282924.0 735720.0 0.849 0.0 0.0 0.0 0.0 0 0.0 0.0 0.0
9724755.333184576 0.0 0.0 0.0 19577.487377787766 107661.96885954088 11900.826446280993 7105.291554836961 7105.291554836961 249.44250798664024 1.522676177130342E9 9818123.157809168 283496.0 737187.0 0.8485 0.0 0.0 0.0 0.0 0 0.0 0.0 0.0
9836419.590220457 0.0 0.0 0.0 111664.25703588176 121863.3413583767 89256.19834710743 8206.686189938519 8206.686189938519 250.70341672625574 1.575283207741855E9 1.947637654578899E8 284068.0 738689.0 0.8480000000000001 0.0 0.0 0.0 0.0 0 0.0 0.0 0.0
9860793.265143013 0.0 0.0 0.0 24373.67492255588 120616.82335298575 17851.239669421488 7768.953258525354 7768.953258525354 250.5960323357155 1.5262961286968868E9 1.4933906459672025E8 284640.0 740221.0 0.8475 0.0 0.0 0.0 0.0 0 0.0 0.0 0.0
9858789.343037479 0.0 0.0 0.0 -2003.922105533836 103836.5054385885 6148.760330578512 8627.635478284887 8627.635478284887 249.0887242614065 1.57893716403049E9 2.819016338423566E8 285212.0 741654.0 0.847 0.0 0.0 0.0 0.0 0 0.0 0.0 0.0
9880331.513715662 0.0 0.0 0.0 21542.170678183076 110545.28653972936 6148.760330578512 8684.629246463699 8684.629246463699 249.7091608748478 1.5807560769855692E9 2.9237533748396736E8 285784.0 743135.0 0.8465 0.0 0.0 0.0 0.0 0 0.0 0.0 0.0
9882393.376168484 0.0 0.0 0.0 2061.862452822587 99089.2000488116 5950.413223140496 7567.535720599861 7567.535720599861 248.62551902226738 1.531463845922993E9 1.007289036011639E8 286356.0 744562.0 0.8460000000000001 0.0 0.0 0.0 0.0 0 0.0 0.0 0.0
9887475.824341657 0.0 0.0 0.0 5082.448173172569 91066.73680175931 3689.2561983471073 9415.655221877745 9415.655221877745 247.8173577817884 1.5843523944571297E9 4.4644927633167607E8 286928.0 746058.0 0.8455 0.0 0.0 0.0 0.0 0 0.0 0.0 0.0
9902223.279223187 0.0 0.0 0.0 14747.454881530914 94343.75658380904 3570.2479338842977 7900.187165596879 7900.187165596879 248.15548698334084 1.5349622633896725E9 1.6897792105391234E8 287500.0 747498.0 0.845 0.0 0.0 0.0 0.0 0 0.0 0.0 0.0
9980431.85642984 0.0 0.0 0.0 78208.57720665177 104620.34532289873 59504.13223140493 8427.856236157275 8427.856236157275 249.16121477137693 1.5879456575015647E9 2.2980405000645813E8 288072.0 748981.0 0.8445 0.0 0.0 0.0 0.0 0 0.0 0.0 0.0
1.000377792422348E7 0.0 0.0 0.0 23346.067793641425 104851.38972306719 13884.297520661159 9230.725872811785 9230.725872811785 249.1825820515183 1.5897019070000873E9 4.0121355064722556E8 288643.0 750413.0 0.8440000000000001 0.0 0.0 0.0 0.0 0 0.0 0.0 0.0
1.006246516884522E7 0.0 0.0 0.0 58687.244621739 103103.42971351661 49586.77685950412 10848.427771785566 10848.427771785566 249.020928485482 1.437466815587369E9 9.023602835579368E8 289215.0 751857.0 0.8435 0.0 0.0 0.0 0.0 0 0.0 0.0 0.0
1.0069178262097266E7 0.0 0.0 0.0 6713.09325204609 96994.45050872765 3689.2561983471073 9132.816258487941 9132.816258487941 248.4180359061735 1.5932782495415893E9 3.765197177475705E8 289787.0 753320.0 0.8430000000000001 0.0 0.0 0.0 0.0 0 0.0 0.0 0.0
1.007743174258523E7 0.0 0.0 0.0 8253.480487964336 93812.37241456003 3570.2479338842977 7865.310648247653 7865.310648247653 248.10285384454835 1.5435950595453312E9 1.5282283483767554E8 290359.0 754758.0 0.8425 0.0 0.0 0.0 0.0 0 0.0 0.0 0.0
1.0091044737243762E7 0.0 0.0 0.0 13612.994658531868 85953.56403606312 6148.760330578512 15323.042706450266 15323.042706450266 247.26779063156312 1.596803136389373E9 1.70812466698983E9 290931.0 756189.0 0.8420000000000001 0.0 0.0 0.0 0.0 0 0.0 0.0 0.0
1.0091504643209776E7 0.0 0.0 0.0 459.9059660132484 72189.35347419909 5950.413223140496 8273.703304736782 8273.703304736782 245.64724292696084 1.5470170639434774E9 2.374843965414971E8 291503.0 757636.0 0.8415 0.0 0.0 0.0 0.0 0 0.0 0.0 0.0
1.0100259424233118E7 0.0 0.0 0.0 8754.781023342432 66589.59811640246 6148.760330578512 8205.77605056055 8205.77605056055 244.9350886841858 1.6003917487439613E9 1.6945892239000347E8 292075.0 759109.0 0.841 0.0 0.0 0.0 0.0 0 0.0 0.0 0.0
1.0105246093148617E7 0.0 0.0 0.0 4986.668915499746 55758.616574486645 6148.760330578512 9668.890126837041 9668.890126837041 243.35982384447493 1.6021176987645693E9 4.8330256796610755E8 292647.0 760514.0 0.8405 0.0 0.0 0.0 0.0 0 0.0 0.0 0.0
1.0105274087061973E7 0.0 0.0 0.0 27.993913355470895 41698.48090214007 5950.413223140496 8137.71636256155 8137.71636256155 240.90191833446468 1.5521735239772935E9 2.029977940099397E8 293219.0 761975.0 0.8400000000000001 0.0 0.0 0.0 0.0 0 0.0 0.0 0.0
1.0109267344244516E7 0.0 0.0 0.0 3993.257182541761 30770.18749114524 3689.2561983471073 11232.294395189485 11232.294395189485 238.3762455613282 1.6056798586139426E9 8.169409454643852E8 293791.0 763415.0 0.8395 0.0 0.0 0.0 0.0 0 0.0 0.0 0.0
1.0123858666656928E7 0.0 0.0 0.0 14591.322412411724 34018.02764720875 3570.2479338842977 7773.234322463922 7773.234322463922 239.22500645962822 1.5556195146215632E9 1.2093903361570376E8 294363.0 764867.0 0.839 0.0 0.0 0.0 0.0 0 0.0 0.0 0.0
1.0168498384936549E7 0.0 0.0 0.0 44639.718279620654 67305.95462620154 3689.2561983471073 7662.535102280755 7662.535102280755 245.03236783444677 1.6092923723520873E9 4.3390178305032276E7 294935.0 766345.0 0.8385 0.0 0.0 0.0 0.0 0 0.0 0.0 0.0
1.0197626481120033E7 0.0 0.0 0.0 29128.09618348351 85037.44513356761 3689.2561983471073 7707.349477770338 7707.349477770338 247.16932557325532 1.6111153039033358E9 5.123296905113506E7 295507.0 767826.0 0.8380000000000001 0.0 0.0 0.0 0.0 0 0.0 0.0 0.0
1.0255709165977506E7 0.0 0.0 0.0 58082.6848574721 104754.72754101547 29752.066115702488 8613.336334321792 8613.336334321792 249.17364260991542 1.4564802189333742E9 4.012744892212313E8 296078.0 769297.0 0.8375 0.0 0.0 0.0 0.0 0 0.0 0.0 0.0
1.0329817292952785E7 0.0 0.0 0.0 74108.12697527994 108024.95916124921 61487.603305785095 9350.2920492613 9350.2920492613 249.47607779166273 1.6139672952233434E9 4.02736616352945E8 296650.0 770788.0 0.837 0.0 0.0 0.0 0.0 0 0.0 0.0 0.0
1.0345064530986024E7 0.0 0.0 0.0 15247.238033238775 105372.89219409382 9917.355371900827 7981.949628493313 7981.949628493313 249.23081126367276 1.5632801026865485E9 1.5829489764048368E8 297222.0 772265.0 0.8365 0.0 0.0 0.0 0.0 0 0.0 0.0 0.0
1.0346192364077387E7 0.0 0.0 0.0 1127.8330913630948 92309.3803859729 6148.760330578512 8042.584568905502 8042.584568905502 247.95091792626536 1.616835655163355E9 1.1781730260970375E8 297794.0 773767.0 0.8360000000000001 0.0 0.0 0.0 0.0 0 0.0 0.0 0.0
1.0348686600723833E7 0.0 0.0 0.0 2494.236646444948 80519.92286616935 5950.413223140496 8333.280943107997 8333.280943107997 246.6548538837983 1.5660447532865472E9 2.3130662201726577E8 298366.0 775232.0 0.8355 0.0 0.0 0.0 0.0 0 0.0 0.0 0.0
1.0350252308891162E7 0.0 0.0 0.0 1565.7081673294151 64176.01522186005 6148.760330578512 11760.855481060198 11760.855481060198 244.5970045134977 1.6196722407233348E9 9.169504794215949E8 298938.0 776713.0 0.8350000000000001 0.0 0.0 0.0 0.0 0 0.0 0.0 0.0
1.0359647304908484E7 0.0 0.0 0.0 9394.996017322426 58325.877683745704 6148.760330578512 9096.373224858258 9096.373224858258 243.75533472249973 1.621068387723342E9 3.4086941775707835E8 299510.0 778163.0 0.8345 0.0 0.0 0.0 0.0 0 0.0 0.0 0.0
1.0364425985558655E7 0.0 0.0 0.0 4778.680650170499 49020.81794486991 5950.413223140496 8133.327165905803 8133.327165905803 242.25069241614807 1.570133491686536E9 1.8409114891388193E8 300082.0 779620.0 0.8340000000000001 0.0 0.0 0.0 0.0 0 0.0 0.0 0.0
1.0366639038332487E7 0.0 0.0 0.0 2213.0527738307455 35810.73863568061 3689.2561983471073 11733.875884672936 11733.875884672936 239.6438641672151 1.6238866789433427E9 9.069169868550814E8 300654.0 781090.0 0.8335 0.0 0.0 0.0 0.0 0 0.0 0.0 0.0
1.0404152923942422E7 0.0 0.0 0.0 37513.88560993658 61818.883499978765 3570.2479338842977 7935.492811754126 7935.492811754126 244.26682777699662 1.5728944150865881E9 1.3866061543462935E8 301226.0 782583.0 0.8330000000000001 0.0 0.0 0.0 0.0 0 0.0 0.0 0.0
1.0509085814499855E7 0.0 0.0 0.0 104932.89055743278 105082.51385823516 53553.719008264445 8115.541190912031 8115.541190912031 249.20395670565387 1.6267637046233573E9 1.2362479426491468E8 301798.0 784078.0 0.8325 0.0 0.0 0.0 0.0 0 0.0 0.0 0.0
1.0526953519610157E7 0.0 0.0 0.0 17867.705110302995 105020.44141774099 9917.355371900827 8012.422178896321 8012.422178896321 249.19821616736715 1.628167554503326E9 9.997987279196677E7 302370.0 785536.0 0.8320000000000001 0.0 0.0 0.0 0.0 0 0.0 0.0 0.0
1.0532512430845298E7 0.0 0.0 0.0 5558.911235141177 94607.88586625701 3332.2314049586776 12639.23538166648 12639.23538166648 248.18164875854367 1.4718579006933074E9 1.2542168891884868E9 302941.0 786979.0 0.8315 0.0 0.0 0.0 0.0 0 0.0 0.0 0.0
1.0563912830349172E7 0.0 0.0 0.0 31400.3995038733 104610.92156984191 11900.826446280993 9496.537354007376 9496.537354007376 249.1603432507021 1.630975254263373E9 4.172713595708253E8 303513.0 788452.0 0.8310000000000001 0.0 0.0 0.0 0.0 0 0.0 0.0 0.0
1.0576922581947558E7 0.0 0.0 0.0 13009.751598386012 101641.75746018124 3966.9421487603304 12011.973559286347 12011.973559286347 248.87834760897198 1.5797347588865902E9 1.0110499925580726E9 304085.0 789924.0 0.8305 0.0 0.0 0.0 0.0 0 0.0 0.0 0.0
1.0581407383343205E7 0.0 0.0 0.0 4484.801395646491 87554.3824115661 6148.760330578512 12423.416113683108 12423.416113683108 247.43984763666876 1.633815691263373E9 1.0457104390004251E9 304657.0 791402.0 0.8300000000000001 0.0 0.0 0.0 0.0 0 0.0 0.0 0.0
1.0583262139478562E7 0.0 0.0 0.0 1854.7561353574843 73667.38316112607 5950.413223140496 9791.342162657018 9791.342162657018 245.83637020615816 1.5824742508865411E9 5.293569020830704E8 305229.0 792864.0 0.8295 0.0 0.0 0.0 0.0 0 0.0 0.0 0.0
1.0584149763281422E7 0.0 0.0 0.0 887.623802858445 54013.67448575387 6148.760330578512 14392.572147652132 14392.572147652132 243.0909989964187 1.6366378339233637E9 1.4676028031458828E9 305801.0 794333.0 0.8290000000000001 0.0 0.0 0.0 0.0 0 0.0 0.0 0.0
1.0584594412834518E7 0.0 0.0 0.0 444.64955309551317 37700.21211201745 6148.760330578512 10609.35159625342 10609.35159625342 240.0754882414257 1.6380368695033543E9 6.502254383186042E8 306373.0 795786.0 0.8285 0.0 0.0 0.0 0.0 0 0.0 0.0 0.0
1.0623876233532172E7 0.0 0.0 0.0 39281.82069765359 61344.51051187806 5950.413223140496 9687.109074652482 9687.109074652482 244.20037967668833 1.5866142382865443E9 5.027355552581054E8 306945.0 797307.0 0.8280000000000001 0.0 0.0 0.0 0.0 0 0.0 0.0 0.0
1.0632524097943764E7 0.0 0.0 0.0 8647.864411592582 58021.6773353161 3689.2561983471073 8281.441389807445 8281.441389807445 243.70846977897338 1.640882120803389E9 1.4528831711658108E8 307517.0 798741.0 0.8275 0.0 0.0 0.0 0.0 0 0.0 0.0 0.0
1.0637465103392215E7 0.0 0.0 0.0 4941.005448451843 51636.57024427241 3570.2479338842977 7755.864605611235 7755.864605611235 242.6959268500889 1.5893313670865586E9 8.348081946273044E7 308089.0 800223.0 0.8270000000000001 0.0 0.0 0.0 0.0 0 0.0 0.0 0.0
1.0699306917263096E7 0.0 0.0 0.0 61841.81387088052 102102.79411833739 3689.2561983471073 7686.333798468439 7686.333798468439 248.9240128881079 1.6437687750833538E9 1.4046762162597977E7 308661.0 801739.0 0.8265 0.0 0.0 0.0 0.0 0 0.0 0.0 0.0
1.0870175275208281E7 0.0 0.0 0.0 170868.3579451851 177578.26674213447 87272.72727272731 8120.158048660872 8120.158048660872 254.91798043760207 1.645148553463365E9 1.062357255602112E8 309233.0 803172.0 0.8260000000000001 0.0 0.0 0.0 0.0 0 0.0 0.0 0.0
1.0912602181420669E7 0.0 0.0 0.0 42426.906212386806 156832.10035159596 55537.19008264461 7635.882520280941 7635.882520280941 253.43525534017064 1.4872173191731985E9 1.5971670875235194E8 309805.0 804640.0 0.8255 0.0 0.0 0.0 0.0 0 0.0 0.0 0.0
1.0958935286555145E7 0.0 0.0 0.0 46333.10513447618 129244.03681917625 61487.603305785095 12433.565361111076 12433.565361111076 251.31670133122543 1.6479562532233813E9 1.0337589024629365E9 310376.0 806088.0 0.8250000000000001 0.0 0.0 0.0 0.0 0 0.0 0.0 0.0
1.096878812576852E7 0.0 0.0 0.0 9852.839213375391 105880.82922876156 25785.123966942156 7430.922836847928 7430.922836847928 249.27778592701023 1.5961409614865613E9 6586640.253792722 310948.0 807531.0 0.8245 0.0 0.0 0.0 0.0 0 0.0 0.0 0.0
1.0977144390368601E7 0.0 0.0 0.0 8356.2646000816 100310.70364077462 6148.760330578512 7777.629857490025 7777.629857490025 248.7465078883493 1.6507158099833653E9 2.679078272671598E7 311520.0 808954.0 0.8240000000000001 0.0 0.0 0.0 0.0 0 0.0 0.0 0.0
1.1014485527435957E7 0.0 0.0 0.0 37341.137067354895 116790.3322107668 11900.826446280991 8960.682051081714 8960.682051081714 250.26638974937688 1.5988301362865071E9 3.338413190642919E8 312092.0 810417.0 0.8235 0.0 0.0 0.0 0.0 0 0.0 0.0 0.0
1.1015932666979803E7 0.0 0.0 0.0 1447.1395438471718 100895.8846574524 6148.760330578512 11192.826766583043 11192.826766583043 248.80446955798857 1.6535331383434017E9 7.605751486311029E8 312664.0 811880.0 0.8230000000000001 0.0 0.0 0.0 0.0 0 0.0 0.0 0.0
1.1023787695888624E7 0.0 0.0 0.0 7855.028908819914 91303.43254068357 6148.760330578512 11298.720695010246 11298.720695010246 247.84279799448447 1.6549677997433856E9 7.819800625683763E8 313236.0 813370.0 0.8225 0.0 0.0 0.0 0.0 0 0.0 0.0 0.0
1.1028756459604966E7 0.0 0.0 0.0 4968.7637163423915 82256.21213961969 5950.413223140496 8065.57089426578 8065.57089426578 246.85909918122806 1.6029580102865083E9 1.3665271907513162E8 313808.0 814847.0 0.8220000000000001 0.0 0.0 0.0 0.0 0 0.0 0.0 0.0
1.1030592619477747E7 0.0 0.0 0.0 1836.159872780833 72481.76226675382 3689.2561983471073 7921.35354729959 7921.35354729959 245.68465927917515 1.6578236425033593E9 5.068178167632458E7 314380.0 816336.0 0.8215 0.0 0.0 0.0 0.0 0 0.0 0.0 0.0
1.1051167794652179E7 0.0 0.0 0.0 20575.175174431984 79364.41743017329 3570.2479338842977 10122.272077128238 10122.272077128238 246.51892805907227 1.6056788662865238E9 5.775284158416207E8 314952.0 817767.0 0.8210000000000001 0.0 0.0 0.0 0.0 0 0.0 0.0 0.0
1.1094902461643532E7 0.0 0.0 0.0 43734.66699135271 105338.32330815883 9917.355371900827 7843.405741466319 7843.405741466319 249.22761428911113 1.6606188250833995E9 3.10745418800047E7 315524.0 819239.0 0.8205 0.0 0.0 0.0 0.0 0 0.0 0.0 0.0
1.1114926324458078E7 0.0 0.0 0.0 20023.862814546163 105558.74706090086 11900.826446280993 7902.612615523118 7902.612615523118 249.24799935826329 1.662006306343403E9 4.2457007683360904E7 316096.0 820680.0 0.8200000000000001 0.0 0.0 0.0 0.0 0 0.0 0.0 0.0
1.1130958168460313E7 0.0 0.0 0.0 16031.844002234755 103827.85929789173 7933.884297520661 9828.847467723199 9828.847467723199 249.0879246553123 1.5023932351731403E9 6.175271940494651E8 316668.0 822090.0 0.8195 0.0 0.0 0.0 0.0 0 0.0 0.0 0.0
1.1157800915397635E7 0.0 0.0 0.0 26842.746937321946 106436.28129187108 15867.768595041325 8366.556348301241 8366.556348301241 249.32915484064284 1.6650643497034261E9 1.39463982154023E8 317365.0 823856.0 0.8190000000000001 0.0 0.0 0.0 0.0 0 0.0 0.0 0.0
1.116643085860065E7 0.0 0.0 0.0 8629.943203015586 103319.09717038304 1983.4710743801652 9763.65625012346 9763.65625012346 249.04087368633895 1.6129683376865013E9 4.9289142018637365E8 318062.0 825590.0 0.8185 0.0 0.0 0.0 0.0 0 0.0 0.0 0.0
1.1173624283015547E7 0.0 0.0 0.0 7193.424414896767 90096.83170108627 6148.760330578512 14266.92955361503 14266.92955361503 247.71311174775218 1.6684834655633585E9 1.4086581344373507E9 318759.0 827407.0 0.8180000000000001 0.0 0.0 0.0 0.0 0 0.0 0.0 0.0
1.1177260655069377E7 0.0 0.0 0.0 3636.3720538303446 77246.55304446141 5950.413223140496 10536.237487314702 10536.237487314702 246.26979685265985 1.6163395900865247E9 6.56153209283637E8 319456.0 829208.0 0.8175000000000001 0.0 0.0 0.0 0.0 0 0.0 0.0 0.0
1.1174226906989E7 0.0 0.0 0.0 -3033.7480803756494 57836.61729699727 6148.760330578512 10227.427336509976 10227.427336509976 243.67995952811543 1.671895841403411E9 5.3399169732030684E8 320153.0 830951.0 0.8170000000000001 0.0 0.0 0.0 0.0 0 0.0 0.0 0.0
1.1183554852676483E7 0.0 0.0 0.0 9327.945687482597 49756.96958054039 6148.760330578512 11258.833073360962 11258.833073360962 242.37599482221964 1.6736752066833718E9 7.546695529456099E8 320851.0 832799.0 0.8165 0.0 0.0 0.0 0.0 0 0.0 0.0 0.0
1.1235276912510218E7 0.0 0.0 0.0 51722.059833735 87916.14519289092 5950.413223140496 7612.470998243984 7612.470998243984 247.47873013681115 1.6213992640865314E9 2.048528433488269E7 321548.0 834638.0 0.8160000000000001 0.0 0.0 0.0 0.0 0 0.0 0.0 0.0
1.1240422801513588E7 0.0 0.0 0.0 5145.889003370416 81224.52180768963 3689.2561983471073 8148.256190224611 8148.256190224611 246.73773812583104 1.6771222454834197E9 8.032233964539553E7 322245.0 836379.0 0.8155 0.0 0.0 0.0 0.0 0 0.0 0.0 0.0
1.1277559289558114E7 0.0 0.0 0.0 37136.488044526435 105955.58703132425 3966.9421487603304 8438.480672131464 8438.480672131464 249.2846996237237 1.6246465870864968E9 1.9539463618046907E8 322942.0 838123.0 0.8150000000000001 0.0 0.0 0.0 0.0 0 0.0 0.0 0.0
1.1328809317753015E7 0.0 0.0 0.0 51250.02819490057 104720.01890246363 43636.36363636363 8849.232687397638 8849.232687397638 249.17043271085393 1.6805615814033995E9 2.2807208277490786E8 323639.0 839951.0 0.8145 0.0 0.0 0.0 0.0 0 0.0 0.0 0.0
1.1348223625132065E7 0.0 0.0 0.0 19414.307379051035 105948.23504573322 9917.355371900827 8268.735863880609 8268.735863880609 249.28401970274052 1.68231109802342E9 1.0111896732853751E8 324336.0 841768.0 0.8140000000000001 0.0 0.0 0.0 0.0 0 0.0 0.0 0.0
1.142859678094177E7 0.0 0.0 0.0 80373.15580970362 120518.50356213748 55537.19008264461 10265.697210655007 10265.697210655007 250.58756233305803 1.521073091893078E9 6.930686280336212E8 325034.0 843569.0 0.8135 0.0 0.0 0.0 0.0 0 0.0 0.0 0.0
1.1597818277732363E7 0.0 0.0 0.0 169221.49679059346 183248.12465325277 95206.61157024802 11285.26412923042 11285.26412923042 255.30519489174597 1.6857032538034053E9 7.483422490176343E8 325731.0 845291.0 0.8130000000000001 0.0 0.0 0.0 0.0 0 0.0 0.0 0.0
1.1689735849628488E7 0.0 0.0 0.0 91917.57189612444 179882.0548843722 85289.25619834714 9994.385466658083 9994.385466658083 255.07698677182185 1.6329861970864947E9 5.2263805060729086E8 326428.0 847073.0 0.8125 0.0 0.0 0.0 0.0 0 0.0 0.0 0.0
1.1693757692186674E7 0.0 0.0 0.0 4021.842558185622 121643.53421933556 53553.71900826446 8706.644214957805 8706.644214957805 250.68448089415367 1.6891772526833906E9 1.887024277044344E8 327125.0 848899.0 0.812 0.0 0.0 0.0 0.0 0 0.0 0.0 0.0
1.1695461185568582E7 0.0 0.0 0.0 1703.4933819083556 109670.97499453671 5950.413223140496 7725.6393835667095 7725.6393835667095 249.62830343054995 1.6363276318864908E9 2.9965472349263653E7 327822.0 850659.0 0.8115 0.0 0.0 0.0 0.0 0 0.0 0.0 0.0
1.1694488847533235E7 0.0 0.0 0.0 -972.3380353475477 83680.24199511486 6148.760330578512 18869.634633495774 18869.634633495774 247.0234524930261 1.6925482255434334E9 2.377321012219349E9 328519.0 852400.0 0.811 0.0 0.0 0.0 0.0 0 0.0 0.0 0.0
1.1699502462515682E7 0.0 0.0 0.0 5013.614982446594 74437.25932892223 6148.760330578512 8107.837318060722 8107.837318060722 245.93488283159593 1.6943449223033884E9 5.438197816355864E7 329217.0 854266.0 0.8105 0.0 0.0 0.0 0.0 0 0.0 0.0 0.0
1.1710042040510966E7 0.0 0.0 0.0 10539.577995284104 70670.37641007584 5950.413223140496 8356.04769099 8356.04769099 245.46287606015048 1.6413668062864344E9 1.6089498136029974E8 329914.0 856067.0 0.81 0.0 0.0 0.0 0.0 0 0.0 0.0 0.0
1.174611092178812E7 0.0 0.0 0.0 36068.88127715557 93323.7937431155 3689.2561983471073 9726.207745768805 9726.207745768805 248.05446055300274 1.697806404003404E9 3.999763285946445E8 330611.0 857861.0 0.8095000000000001 0.0 0.0 0.0 0.0 0 0.0 0.0 0.0
1.1899251883606995E7 0.0 0.0 0.0 153140.96181887444 165303.41521973087 71404.95867768592 9756.38166457331 9756.38166457331 254.0519075156799 1.644711968286441E9 4.5957878136299866E8 331308.0 859657.0 0.809 0.0 0.0 0.0 0.0 0 0.0 0.0 0.0
1.2005925130346714E7 0.0 0.0 0.0 106673.24673971973 178699.80408825926 85289.25619834714 7987.601672844346 7987.601672844346 254.99683417547521 1.70123996276339E9 2.155409039315997E7 332005.0 861427.0 0.8085 0.0 0.0 0.0 0.0 0 0.0 0.0 0.0
1.2105584936296478E7 0.0 0.0 0.0 99659.80594976516 180395.4229372229 89256.1983471075 8707.988753694264 8707.988753694264 255.11179138557443 1.7029403735233774E9 1.75229301713127E8 332702.0 863193.0 0.808 0.0 0.0 0.0 0.0 0 0.0 0.0 0.0
1.2159479642599432E7 0.0 0.0 0.0 53894.706302953986 164960.1036764728 61487.60330578509 7842.4222579191955 7842.4222579191955 254.0276845887584 1.5396633715729632E9 1.5181787419435313E8 333400.0 864945.0 0.8075000000000001 0.0 0.0 0.0 0.0 0 0.0 0.0 0.0
1.2198859149287442E7 0.0 0.0 0.0 39379.506688010704 133465.2987084963 61487.603305785095 9386.70835020239 9386.70835020239 251.65687877415556 1.7063546750834026E9 3.1820363250237304E8 334097.0 866739.0 0.807 0.0 0.0 0.0 0.0 0 0.0 0.0 0.0
1.2209286594990315E7 0.0 0.0 0.0 10427.445702873689 105393.75459548998 29752.066115702488 8746.923700177553 8746.923700177553 249.23274064510218 1.652928580686512E9 2.336387208969513E8 334794.0 868475.0 0.8065 0.0 0.0 0.0 0.0 0 0.0 0.0 0.0
1.2217027710977435E7 0.0 0.0 0.0 7741.1159871198 96156.1111576418 6148.760330578512 10829.999094389459 10829.999094389459 248.33499912417213 1.709765125203379E9 6.260872119139549E8 335491.0 870281.0 0.806 0.0 0.0 0.0 0.0 0 0.0 0.0 0.0
1.2219352821348257E7 0.0 0.0 0.0 2325.11037082297 79363.27547233981 5950.413223140496 13167.532832984463 13167.532832984463 246.51879372689564 1.6562644246864672E9 1.1837554196305263E9 336188.0 872055.0 0.8055000000000001 0.0 0.0 0.0 0.0 0 0.0 0.0 0.0
1.222149676847753E7 0.0 0.0 0.0 2143.947129271114 66914.8411399388 6148.760330578512 8443.621131093605 8443.621131093605 244.98064730913836 1.713120692303371E9 1.0802924325249924E8 336885.0 873766.0 0.805 0.0 0.0 0.0 0.0 0 0.0 0.0 0.0
1.2222128411719836E7 0.0 0.0 0.0 631.6432423075239 51780.73190104337 6148.760330578512 9616.992150624446 9616.992150624446 242.72046500443292 1.7149164262033691E9 3.593103022870215E8 337583.0 875631.0 0.8045 0.0 0.0 0.0 0.0 0 0.0 0.0 0.0
1.2221419898230882E7 0.0 0.0 0.0 -708.5134889543999 35531.08968939702 5950.413223140496 9590.715499551461 9590.715499551461 239.5785256283638 1.6612169416864808E9 4.073423461798264E8 338280.0 877370.0 0.804 0.0 0.0 0.0 0.0 0 0.0 0.0 0.0
1.2227167186294377E7 0.0 0.0 0.0 5747.288063494449 29340.191753978048 3689.2561983471073 8248.929800566308 8248.929800566308 237.98283926928718 1.7183259134633946E9 6.0832310416536346E7 338977.0 879172.0 0.8035000000000001 0.0 0.0 0.0 0.0 0 0.0 0.0 0.0
1.224285055407755E7 0.0 0.0 0.0 15683.367783173202 31721.5782222415 3570.2479338842977 9731.733381025448 9731.733381025448 238.6359754906474 1.6645304224864619E9 4.344440985762153E8 339674.0 880926.0 0.803 0.0 0.0 0.0 0.0 0 0.0 0.0 0.0
1.2311954064331103E7 0.0 0.0 0.0 69103.51025355281 88206.9509164852 3689.2561983471073 8928.881360961992 8928.881360961992 247.50998612601947 1.721688220583388E9 2.041243499532314E8 340371.0 882664.0 0.8025 0.0 0.0 0.0 0.0 0 0.0 0.0 0.0
1.2336729203319214E7 0.0 0.0 0.0 24775.13898811072 98648.48479481218 3689.2561983471073 10644.348911436635 10644.348911436635 248.58186656050043 1.7234059628233805E9 5.724046891630998E8 341068.0 884448.0 0.802 0.0 0.0 0.0 0.0 0 0.0 0.0 0.0
1.2427191035370601E7 0.0 0.0 0.0 90461.83205138707 125430.60837034974 55537.19008264461 8142.518393205162 8142.518393205162 251.0093898275727 1.5581492896528544E9 1.9805774721142945E8 341766.0 886201.0 0.8015000000000001 0.0 0.0 0.0 0.0 0 0.0 0.0 0.0
1.257815184828863E7 0.0 0.0 0.0 150960.81291802696 180862.3152224525 87272.72727272731 8256.378793197051 8256.378793197051 255.1434450998273 1.726808710063402E9 5.3956138774867214E7 342463.0 887982.0 0.801 0.0 0.0 0.0 0.0 0 0.0 0.0 0.0
1.2585933476513676E7 0.0 0.0 0.0 7781.6282250476925 121360.58087859707 59504.13223140493 7779.230337498469 7779.230337498469 250.66010517562 1.6728029428864477E9 5048846.986125787 343160.0 889804.0 0.8005 0.0 0.0 0.0 0.0 0 0.0 0.0 0.0
1.2599766257367505E7 0.0 0.0 0.0 13832.780853827731 121200.71194535532 5950.413223140496 8042.236563929009 8042.236563929009 250.64633286917257 1.7302836718033965E9 4294227.030737568 343857.0 891591.0 0.8 0.0 0.0 0.0 0.0 0 0.0 0.0 0.0
1.2622108561377106E7 0.0 0.0 0.0 22342.304009602238 115751.59170717026 17851.239669421488 9940.184578365812 9940.184578365812 250.17690486795058 1.6761602182864468E9 4.677737909757422E8 344554.0 893407.0 0.7995000000000001 0.0 0.0 0.0 0.0 0 0.0 0.0 0.0
1.2620201985230505E7 0.0 0.0 0.0 -1906.5761466011088 87889.54574717158 6148.760330578512 19806.709482819064 19806.709482819064 247.47587121100295 1.7337307106034076E9 2.5382501301025257E9 345251.0 895171.0 0.799 0.0 0.0 0.0 0.0 0 0.0 0.0 0.0
1.2616819587340377E7 0.0 0.0 0.0 -3382.397890128927 69157.30645231639 6148.760330578512 9201.081074147753 9201.081074147753 245.26926506107696 1.7355264445034082E9 2.4899511858734524E8 345949.0 897036.0 0.7985 0.0 0.0 0.0 0.0 0 0.0 0.0 0.0
1.2619287954112535E7 0.0 0.0 0.0 2468.366772157784 57404.308372407424 5950.413223140496 8270.951628926256 8270.951628926256 243.61335824563358 1.6812031198863916E9 1.0270484947453369E8 346646.0 898819.0 0.798 0.0 0.0 0.0 0.0 0 0.0 0.0 0.0
1.2637260811242487E7 0.0 0.0 0.0 17972.85712995112 62983.685954200075 3689.2561983471073 8704.223349811362 8704.223349811362 244.42998822723072 1.738986963343377E9 1.3837057632717568E8 347343.0 900630.0 0.7975000000000001 0.0 0.0 0.0 0.0 0 0.0 0.0 0.0
1.270438045907084E7 0.0 0.0 0.0 67119.64782835265 106331.0722108849 15867.768595041325 7904.492976626472 7904.492976626472 249.31942497095022 1.6844951692864428E9 2.0373707640815724E7 348040.0 902352.0 0.797 0.0 0.0 0.0 0.0 0 0.0 0.0 0.0
1.2856896501120692E7 0.0 0.0 0.0 152516.04204985156 171282.25179263513 79338.8429752066 8226.019492894857 8226.019492894857 254.4737544480798 1.7423800819834356E9 3.1836766069928475E7 348737.0 904154.0 0.7965000000000001 0.0 0.0 0.0 0.0 0 0.0 0.0 0.0
1.287320001739993E7 0.0 0.0 0.0 16303.516279236519 117722.80314598128 61487.603305785095 8375.361620105528 8375.361620105528 250.34671977480886 1.7440843441834176E9 6.234313970092621E7 349434.0 905924.0 0.796 0.0 0.0 0.0 